camera 80 42 45 46 46 45 46 46 47 46 47 46 44 38 38 37 44 57 62 65 65 64 65 65 65 64 66 67 67 67 67 67 67 68 68 69 69 68 69 68 70 69 70 69 71 70 71 71 70 71 72 72 72 72 73 74 74 74 73 73 74 74 75 74 76 75 77 76 76 75 77 76 76 75 75 75 75 74 74 72 73 72 71 71 71 70 70 69 69 69 68 67 68 67 67 67 67 66 66 65 65 64 65 64 64 62 62 62 62 60 48 40 39 40 45 47 47 47 48 47 46 45 46 46 45 44 44 43 
camera 80 43 45 45 46 45 47 45 47 46 47 46 44 38 38 37 45 57 63 62 63 64 65 64 65 64 66 65 67 66 66 66 67 67 68 67 69 68 69 68 70 69 70 69 70 70 70 70 71 71 72 72 72 72 72 72 73 73 73 73 74 73 73 74 76 75 77 76 76 75 78 76 76 74 75 74 74 73 75 72 73 72 71 71 70 70 70 69 69 68 69 67 67 66 67 66 67 66 66 65 65 64 64 63 63 62 62 62 62 59 49 40 40 39 44 47 48 46 47 46 47 45 46 45 45 44 44 43
camera 80 43 45 45 46 45 46 45 47 46 47 46 44 38 38 38 45 58 63 64 65 64 64 65 66 64 67 66 67 67 66 67 67 68 69 68 69 69 70 69 70 69 70 70 71 71 71 71 72 72 72 71 73 72 73 73 74 73 74 73 74 74 74 75 76 76 77 77 76 75 78 77 77 75 75 74 75 74 75 73 73 73 72 71 71 71 70 69 70 70 69 69 68 67 67 67 67 67 66 66 65 65 65 64 64 62 63 62 63 59 50 40 39 40 45 46 47 47 47 46 47 47 46 45 45 44 43 43
camera 81 43 45 44 46 45 46 45 47 46 47 46 44 37 38 37 44 58 64 63 64 63 65 64 65 64 67 66 66 66 67 66 65 67 68 68 69 67 69 68 69 69 70 69 70 70 70 70 70 71 71 71 72 72 73 72 74 73 73 73 73 73 74 74 76 75 77 75 76 74 76 76 77 75 75 74 74 73 73 73 73 73 71 71 70 70 70 69 69 68 68 67 68 67 67 66 66 66 65 65 65 64 65 64 64 62 62 61 62 59 49 40 40 39 45 46 47 46 47 46 47 46 46 45 45 43 44 43
camera 82 43 45 45 46 45 46 46 47 46 47 47 44 39 38 37 44 57 63 64 64 64 65 65 65 64 66 66 67 66 68 67 67 66 68 68 69 68 70 69 70 69 71 69 70 71 71 71 72 71 72 71 72 73 74 73 73 74 73 73 74 74 74 75 76 76 77 76 76 75 76 76 76 76 75 75 74 74 74 73 72 73 72 71 71 70 71 69 70 68 69 68 68 67 68 67 67 66 67 65 66 64 65 64 64 64 62 62 62 60 50 41 40 40 45 47 47 47 47 46 47 46 46 45 45 44 43 43
camera 81 43 45 44 46 45 46 46 47 47 47 46 44 38 38 38 44 58 63 63 64 64 66 64 65 64 67 66 67 66 68 67 68 68 68 68 68 68 70 68 70 70 70 70 70 71 71 70 71 72 72 71 72 72 73 73 74 74 73 73 74 73 74 74 76 75 77 76 77 76 76 76 76 75 75 75 76 74 74 73 72 72 72 71 71 70 70 69 69 69 69 68 66 67 68 67 67 67 66 65 64 65 65 65 64 64 62 62 61 59 49 40 40 40 45 47 47 47 48 46 47 46 46 45 46 44 44 43
camera 81 43 45 45 46 45 46 45 47 46 47 46 43 38 38 38 44 57 63 63 64 64 65 65 66 65 66 66 67 66 67 66 67 67 68 68 69 68 69 68 69 68 70 69 70 70 71 70 71 70 71 71 72 72 73 72 73 73 73 72 74 73 74 74 75 76 77 77 76 74 76 76 76 76 75 75 74 73 74 72 72 73 71 71 70 70 70 69 69 68 68 67 67 67 67 66 67 65 66 65 65 64 65 64 63 62 62 61 62 59 49 40 40 40 45 46 47 47 47 46 46 46 46 45 45 44 43 43
camera 81 42 45 44 46 45 47 46 47 47 47 46 44 39 39 38 45 58 64 63 64 65 66 65 66 65 67 66 67 67 67 67 67 68 68 68 69 68 69 68 70 70 71 69 71 71 71 71 72 72 73 72 73 73 74 73 74 73 74 73 74 74 75 75 77 76 77 77 78 75 77 77 76 76 75 75 74 74 74 73 73 74 72 71 71 70 70 69 70 69 69 68 68 67 67 67 67 66 66 65 65 65 65 64 64 62 62 62 62 60 50 41 40 39 45 46 48 47 48 47 47 46 46 45 43 44 44 43
camera 81 43 45 45 46 45 46 45 47 46 47 46 44 38 38 38 45 57 64 63 64 64 65 65 65 64 66 66 67 66 66 66 67 67 67 67 68 67 69 68 69 70 70 69 70 71 70 70 71 71 71 71 73 71 73 72 73 73 73 72 73 72 74 74 75 74 77 76 76 75 76 76 76 75 75 74 73 75 73 73 72 72 71 71 70 71 70 69 69 68 68 67 68 66 67 66 66 66 65 65 65 65 65 63 62 63 62 62 62 60 49 40 40 39 45 47 47 47 47 46 48 45 46 45 45 44 44 43
camera 82 45 45 44 46 45 47 46 47 47 47 46 44 38 38 37 45 58 64 64 64 65 66 65 66 64 66 66 66 66 67 66 67 68 68 68 70 68 69 68 70 69 70 70 70 70 70 71 72 71 72 71 72 73 73 73 74 73 73 73 74 73 74 74 75 75 77 76 76 75 77 77 75 75 75 74 74 73 74 73 73 73 72 71 71 71 70 69 69 69 69 68 68 66 67 66 67 66 66 65 66 65 65 66 64 63 62 62 62 60 49 40 40 40 46 47 47 47 47 47 47 46 47 45 45 44 44 43
camera 82 43 46 44 46 45 46 46 47 46 46 46 44 38 38 38 44 58 62 64 64 64 66 65 66 64 66 66 67 66 67 67 67 68 68 68 69 68 69 68 70 70 71 69 71 70 71 70 71 72 73 71 73 72 73 73 74 73 73 73 74 73 74 74 76 75 76 76 76 75 77 77 76 75 74 74 74 72 74 72 72 73 71 71 71 70 70 69 69 69 69 68 68 66 68 66 67 66 67 65 65 65 65 64 64 63 62 62 62 60 50 41 41 39 45 46 47 46 48 47 47 46 46 44 45 44 45 43
camera 80 43 45 44 45 44 46 45 47 46 48 46 44 38 38 37 44 57 64 63 64 64 65 64 65 64 67 66 67 66 67 65 67 67 68 67 69 67 69 67 69 69 69 69 70 70 71 70 71 71 71 71 72 71 72 73 73 73 73 72 73 72 74 74 76 74 77 76 76 74 76 76 75 75 75 74 74 73 74 73 72 72 71 71 70 70 69 69 68 68 68 68 68 67 67 66 66 66 65 64 65 65 65 64 63 62 62 62 62 59 49 40 40 40 45 47 47 45 47 46 47 45 47 45 45 43 44 43
camera 81 43 45 45 46 45 46 46 47 46 47 45 44 38 38 37 45 58 64 63 65 65 66 65 66 64 67 66 67 67 68 67 67 68 69 69 69 69 70 69 70 70 71 71 70 71 71 71 72 72 73 72 73 73 73 73 74 74 74 72 74 74 74 75 76 75 77 76 76 75 78 77 77 75 75 75 75 74 76 73 73 73 72 72 70 71 70 69 69 69 69 69 69 67 67 67 67 67 66 67 66 65 65 65 64 63 63 62 63 60 49 40 40 40 45 46 47 46 47 47 47 46 46 44 45 44 45 43
camera 81 43 45 44 47 45 46 45 47 46 47 46 45 38 38 37 44 57 63 63 65 64 66 65 65 63 67 66 67 66 67 66 67 66 67 67 68 68 69 67 69 69 70 69 69 70 70 70 71 71 72 71 72 72 72 73 73 74 73 72 74 73 74 73 75 74 77 76 76 75 76 76 76 74 75 74 75 74 74 72 72 72 71 71 70 70 70 69 69 68 68 67 68 67 67 67 67 66 66 65 65 64 64 63 63 62 62 62 62 59 49 39 40 39 45 46 47 46 47 46 47 45 46 45 46 44 44 42
camera 81 43 45 45 46 45 46 45 47 46 48 46 44 38 39 37 44 58 64 63 64 64 66 65 65 64 67 66 67 66 67 67 67 68 68 68 69 69 69 68 69 69 70 69 71 71 71 70 71 71 72 72 73 72 73 73 75 74 73 73 74 73 75 74 76 75 77 76 76 74 77 77 77 75 75 75 75 74 74 73 72 73 71 71 70 70 70 69 69 68 69 67 68 68 67 67 67 67 66 65 65 65 65 64 64 63 62 62 63 59 49 40 41 40 45 46 47 46 47 46 47 46 47 45 45 43 44 43
camera 79 43 45 44 46 45 46 46 45 47 47 46 44 39 38 37 44 58 63 64 64 65 66 65 65 64 66 66 67 66 67 67 68 68 67 68 69 68 69 68 71 69 71 70 71 70 71 70 73 71 72 72 73 72 73 73 73 73 73 73 74 73 74 75 76 75 77 76 76 76 76 77 76 75 75 75 74 74 74 73 72 73 72 71 70 70 70 69 70 68 69 67 68 66 68 67 68 66 66 65 65 64 65 64 65 62 63 62 62 60 49 40 39 40 45 46 48 47 47 47 46 46 46 44 45 44 44 43
camera 81 43 44 44 45 45 46 45 47 46 47 46 44 38 38 37 46 57 63 62 64 64 65 65 66 64 66 66 67 65 67 66 67 67 68 68 68 68 69 68 69 69 70 69 70 71 70 70 70 71 72 72 72 72 72 73 72 73 73 73 74 73 74 74 76 74 77 75 76 74 76 76 76 75 75 75 74 73 74 72 72 73 71 72 70 71 69 69 68 68 68 68 67 67 67 66 66 66 66 68 65 65 65 64 63 62 62 62 62 59 50 40 40 40 45 46 47 47 47 46 47 46 46 44 45 44 44 43
camera 81 43 45 44 46 45 46 46 46 46 47 46 44 39 38 38 44 58 63 64 65 65 66 65 65 64 67 66 67 66 68 67 68 68 68 68 69 68 69 69 71 69 71 69 71 71 71 71 72 72 73 71 73 73 73 73 74 74 73 74 74 74 74 75 76 75 77 78 76 76 77 77 76 76 75 75 75 74 74 74 73 73 72 70 71 71 70 70 70 69 69 67 68 67 67 67 68 67 67 65 66 65 65 64 64 62 62 64 62 60 49 40 39 40 45 48 47 47 47 47 47 46 46 46 46 45 44 43
camera 80 43 44 44 45 45 46 44 47 46 47 46 43 38 38 38 44 57 62 63 64 64 65 63 65 64 66 66 67 66 67 65 67 67 68 67 69 68 69 68 69 69 70 69 70 70 70 70 71 71 72 71 72 72 72 73 74 73 73 72 74 73 74 74 76 74 76 76 75 75 76 75 75 74 75 75 74 74 74 72 72 72 71 70 70 70 70 68 69 68 69 67 68 65 67 66 67 66 66 65 65 63 64 64 64 62 62 62 62 59 49 40 39 40 44 47 47 46 47 47 45 46 46 45 45 45 44 43
camera 80 43 45 44 46 45 47 45 47 47 47 46 44 38 38 38 44 58 64 64 64 64 66 65 66 65 67 66 67 66 68 67 67 67 68 68 69 68 69 68 70 69 70 69 71 70 71 71 72 71 72 72 72 72 73 73 74 73 72 73 75 73 75 75 76 75 77 76 76 75 77 76 76 75 75 74 74 73 74 73 73 73 72 71 70 70 70 69 69 68 69 68 68 67 67 67 67 66 66 65 65 65 65 64 64 63 62 62 62 59 50 40 40 40 45 46 47 46 48 47 47 46 46 45 45 44 44 43
camera 82 43 44 44 46 45 47 45 47 46 47 46 44 39 38 37 45 57 67 63 64 64 66 64 66 64 67 66 67 66 67 67 67 68 67 68 68 68 69 69 70 69 70 70 70 70 71 71 71 71 72 71 73 72 73 73 73 74 74 73 74 74 75 74 76 75 77 76 76 75 77 76 76 75 76 74 75 74 74 73 73 73 71 71 70 70 70 70 70 69 68 68 68 67 67 67 66 66 66 65 65 64 64 64 64 63 63 62 62 59 49 40 40 40 46 47 47 46 47 46 46 46 47 45 45 44 44 43
camera 81 43 45 45 45 45 46 45 46 47 47 47 44 39 38 38 44 58 62 64 64 64 65 64 65 64 66 66 67 66 67 66 67 68 67 68 69 68 69 68 70 69 69 68 70 70 70 70 71 71 71 71 72 72 71 72 74 73 73 72 74 73 74 74 75 75 76 77 76 74 76 76 75 75 75 74 74 73 75 72 72 72 71 70 70 70 71 68 69 68 68 67 68 66 66 66 67 65 66 65 65 64 63 64 64 62 62 61 62 59 48 40 40 40 45 47 47 47 47 46 47 45 46 46 45 44 44 43
camera 79 43 45 44 46 45 47 46 46 46 48 46 44 38 38 37 44 58 64 65 64 64 66 65 66 64 66 65 67 67 68 67 68 68 68 67 69 68 69 69 71 69 71 69 71 70 71 71 72 72 72 73 73 72 73 73 74 74 74 74 74 74 75 74 76 75 77 77 77 75 77 77 76 75 75 75 75 74 74 73 73 73 72 70 71 70 70 69 70 69 69 68 68 67 67 67 67 67 67 66 66 65 65 65 64 63 63 63 62 60 49 40 39 39 45 48 47 46 47 46 46 46 46 45 45 44 44 44
camera 79 43 45 44 46 44 46 45 47 46 47 46 44 38 38 37 44 58 63 63 64 63 65 64 64 64 67 66 67 65 67 66 65 67 68 68 69 68 69 68 69 69 70 69 70 71 70 70 71 71 71 71 72 72 72 73 73 73 73 72 73 73 74 74 76 74 76 75 76 74 76 76 77 75 75 75 75 73 73 73 73 72 71 71 70 70 70 69 69 68 68 67 68 67 67 66 66 66 66 65 65 65 64 64 64 62 62 62 62 59 49 40 41 39 45 46 47 46 47 46 48 45 46 45 45 44 44 42
camera 80 43 44 45 46 45 46 46 46 46 47 46 44 39 38 37 44 58 62 64 64 65 66 64 66 64 66 66 67 66 67 66 68 68 68 68 69 68 69 68 71 70 71 69 70 70 71 71 72 71 72 71 73 72 73 73 73 73 73 73 74 74 75 74 75 75 77 76 76 75 76 77 75 75 75 76 74 73 74 72 72 73 72 70 70 71 70 69 70 69 69 67 68 66 68 67 67 66 67 65 65 64 64 64 64 63 62 62 62 59 49 40 39 40 45 46 47 47 47 46 46 46 46 44 45 44 44 43
camera 82 43 44 44 46 45 47 46 47 46 47 46 44 38 38 37 44 58 63 64 64 64 65 65 65 65 67 66 67 66 67 66 67 68 68 68 69 68 69 69 70 69 71 70 71 71 71 71 71 71 72 71 73 72 73 73 74 73 74 72 74 73 75 75 76 76 77 76 76 75 77 76 76 76 75 75 75 74 74 73 72 74 72 71 70 70 70 69 69 69 69 68 68 67 68 67 67 67 66 65 66 65 65 64 64 62 62 62 62 59 50 40 40 39 45 47 47 46 47 46 47 45 46 45 45 44 44 43
camera 81 43 44 44 45 44 46 45 47 46 47 46 44 37 38 38 44 58 63 63 64 63 65 64 65 64 67 66 67 65 67 66 67 67 67 68 69 68 69 68 69 69 70 69 70 71 71 70 70 71 71 71 72 73 72 72 73 73 73 72 73 73 74 74 75 74 77 76 75 74 76 76 75 75 75 74 74 73 74 72 71 72 72 70 70 70 70 69 70 68 68 67 68 67 67 66 67 65 66 65 64 64 64 64 63 63 62 62 61 59 49 40 40 40 45 46 47 47 47 46 47 45 46 45 46 44 44 43
camera 83 43 45 46 46 45 47 46 47 46 47 46 44 38 38 38 44 58 64 65 65 65 66 65 66 65 67 68 67 66 67 67 67 68 69 68 69 68 69 69 70 69 70 69 71 71 70 71 72 71 72 71 73 73 73 73 74 74 73 73 74 73 74 75 76 75 77 77 76 75 77 76 76 75 75 75 75 74 74 73 73 72 72 72 71 71 71 70 70 69 69 68 68 69 68 67 67 67 66 65 65 64 65 64 64 63 64 62 63 59 50 40 40 40 46 47 47 46 47 47 47 46 46 45 45 45 45 43
camera 80 43 45 45 46 45 46 46 46 46 47 46 44 39 38 38 44 58 63 64 64 64 66 64 65 64 66 65 67 66 66 66 67 67 67 67 68 68 68 68 70 69 70 69 70 70 69 71 71 71 72 71 72 72 72 73 73 73 73 73 74 73 74 74 75 74 76 76 76 75 77 76 76 74 75 73 74 73 74 72 72 72 71 70 70 70 71 69 69 68 68 67 68 66 67 66 67 65 66 65 64 64 65 64 63 62 62 61 63 59 49 40 40 39 45 47 47 46 47 46 47 46 46 45 44 44 44 42
camera 80 43 45 44 46 45 46 46 47 46 47 47 44 38 38 37 44 58 63 62 64 64 65 65 66 65 67 67 68 67 67 66 67 68 68 68 69 69 69 68 70 69 70 70 71 71 71 71 71 71 72 71 73 73 73 73 73 74 73 73 74 73 74 74 76 74 77 76 76 74 76 76 76 76 75 75 76 74 74 73 72 72 72 71 70 70 70 69 69 69 69 68 68 68 68 67 67 66 66 66 66 65 64 64 64 64 62 62 63 59 50 40 40 39 45 47 47 46 47 48 47 46 46 45 45 44 44 42
camera 82 43 44 45 46 45 47 46 47 46 47 47 44 38 38 38 44 58 63 64 64 64 66 65 66 65 67 66 68 66 67 66 67 67 68 68 69 68 69 68 70 70 70 69 71 71 70 70 72 71 72 72 73 72 72 73 74 74 73 74 74 74 74 74 76 75 77 77 77 75 77 76 76 75 75 74 74 74 75 73 73 73 71 70 71 70 71 70 70 69 69 68 68 67 68 67 68 66 66 65 66 65 64 64 64 63 63 62 62 59 49 40 39 40 44 47 47 46 48 46 47 45 46 45 45 44 45 43
camera 80 42 45 44 46 44 46 46 47 45 47 46 45 38 38 37 44 57 63 63 64 64 65 64 65 64 66 65 67 65 67 66 67 67 68 68 68 68 69 68 69 69 70 69 69 70 70 70 71 72 72 71 72 71 72 72 73 73 73 72 74 73 74 72 76 74 77 76 76 75 76 75 76 75 75 74 74 73 74 72 72 73 71 71 69 71 70 69 69 68 68 67 67 66 67 66 67 66 66 65 64 64 64 63 64 63 62 62 61 59 49 39 40 39 45 46 47 46 47 45 47 45 46 45 45 44 44 42
camera 80 43 45 44 46 45 46 45 47 46 47 46 45 38 38 37 44 57 63 64 66 64 66 65 66 64 67 66 68 66 67 67 67 67 68 68 69 68 70 69 70 70 71 70 70 71 71 70 71 72 72 72 72 72 73 73 74 74 74 73 74 74 75 73 77 75 77 77 77 75 77 76 76 75 76 75 76 75 75 73 73 73 72 72 71 70 71 70 70 69 69 68 68 67 68 67 67 67 67 65 65 65 64 64 64 63 63 62 62 60 49 40 40 40 45 47 47 46 47 47 47 45 46 45 45 44 45 42
camera 81 43 44 44 45 45 47 46 47 46 47 46 43 39 38 38 44 58 62 63 63 64 65 65 65 65 66 66 67 66 66 66 67 67 68 68 69 68 69 68 69 69 70 69 71 70 71 70 71 71 72 71 72 71 73 72 73 73 73 72 73 73 74 74 75 75 77 76 75 74 76 76 75 75 74 74 74 73 74 72 72 72 71 71 71 70 70 69 69 68 68 67 69 67 67 66 67 65 66 65 66 64 64 64 64 62 62 62 62 59 49 40 40 40 45 46 46 46 47 46 47 46 46 45 45 44 44 42
camera 80 43 45 45 45 45 46 46 47 46 47 46 43 38 38 38 44 58 63 63 64 64 66 65 65 64 66 67 68 66 67 66 67 67 68 68 70 68 69 69 70 69 70 69 71 71 71 71 71 71 72 72 72 73 72 72 74 74 73 73 73 73 74 76 76 75 77 76 76 75 77 76 76 75 75 75 75 74 74 72 73 72 72 71 71 71 71 69 70 69 68 68 69 67 67 67 67 66 66 65 64 65 65 64 64 63 62 61 61 59 49 40 40 40 45 47 47 46 47 46 47 46 46 45 45 44 44 42
camera 80 43 45 45 46 45 46 46 47 46 47 46 45 38 38 38 44 58 63 64 64 65 66 65 65 64 66 66 67 66 67 67 67 68 68 68 68 68 69 69 70 70 71 69 71 70 70 71 71 71 72 71 74 73 73 73 74 73 73 73 75 73 75 74 76 75 77 76 77 75 77 77 76 75 75 75 74 74 74 72 73 73 72 71 70 70 69 72 69 69 69 67 68 67 67 67 66 66 66 66 66 65 65 64 63 63 62 61 62 60 49 40 41 40 45 46 47 46 47 47 47 46 46 45 45 44 44 43
camera 79 43 45 45 46 45 46 46 47 47 47 46 44 38 38 37 44 57 63 64 64 64 65 64 65 63 66 66 67 65 67 66 67 66 68 67 68 68 69 68 69 70 70 69 70 70 70 70 71 72 72 71 72 72 72 72 73 74 73 72 73 73 74 74 75 75 76 76 76 76 76 76 76 75 75 74 74 73 74 72 72 73 71 70 70 69 70 69 69 69 68 67 69 66 67 66 66 65 66 65 64 64 64 64 63 63 62 62 62 59 49 40 40 39 45 46 48 46 47 46 47 45 46 45 45 44 44 43
camera 81 43 44 45 46 45 46 46 47 47 47 46 44 38 38 38 45 58 63 63 64 65 66 66 65 64 67 67 68 65 67 67 67 67 69 68 69 69 69 68 70 69 71 69 71 71 71 70 71 72 73 72 73 72 73 73 73 73 73 73 74 74 75 75 76 75 77 76 76 75 77 77 77 75 75 75 74 73 75 73 73 73 72 71 71 70 71 69 70 69 70 68 68 67 67 66 67 66 67 65 66 65 65 64 64 62 63 62 62 60 50 41 40 40 45 47 47 46 47 47 47 46 46 45 45 44 45 43
camera 82 43 45 43 46 45 47 46 47 46 47 45 44 38 39 38 44 58 64 64 64 64 65 65 65 64 66 67 67 66 67 66 67 67 68 68 69 67 70 68 70 69 70 68 70 70 71 71 71 71 71 71 72 72 72 73 73 75 73 73 73 73 74 74 76 74 77 76 76 75 77 76 76 74 75 74 74 74 74 72 72 73 71 70 70 70 69 69 69 69 68 68 68 67 67 66 67 66 66 65 65 64 65 65 64 63 62 62 61 59 49 41 40 40 45 46 47 46 47 47 46 46 47 46 45 43 44 42
camera 82 43 45 45 46 45 46 45 47 47 47 46 44 39 39 37 44 58 64 64 64 64 65 65 65 64 67 66 68 67 67 67 68 68 68 68 69 68 69 68 69 69 70 69 70 71 71 71 72 71 72 71 73 73 73 73 73 74 73 73 74 73 74 74 76 75 77 77 76 75 76 76 76 75 75 74 74 74 75 73 73 73 72 71 71 71 69 69 69 67 69 67 68 67 68 66 67 67 66 65 65 65 64 64 64 61 62 62 62 59 49 40 40 40 45 47 47 47 47 46 47 45 46 45 44 44 44 43
camera 80 43 45 44 46 45 46 45 47 47 47 47 44 38 38 38 44 57 64 64 64 65 66 65 65 64 67 67 68 67 67 66 67 67 68 67 69 68 69 68 70 69 70 69 71 70 70 71 72 71 72 71 72 72 74 73 74 73 73 73 74 74 73 74 76 75 77 77 76 75 77 76 75 75 76 75 75 74 74 72 73 73 71 71 70 70 71 69 70 68 69 67 68 67 67 67 68 66 66 64 65 65 64 64 64 63 62 62 63 60 50 40 40 40 45 47 47 47 47 47 46 46 46 45 45 44 45 43
camera 82 43 45 44 46 44 46 46 47 46 47 46 44 38 38 38 45 57 62 64 64 64 65 65 65 64 66 67 67 66 66 66 66 67 67 68 68 67 69 68 69 69 70 69 70 70 70 70 71 71 72 70 73 72 72 73 74 73 72 72 73 73 75 73 76 74 77 76 76 75 75 76 76 74 75 75 74 74 73 72 72 72 71 71 70 70 70 69 69 68 68 67 68 67 67 67 66 66 66 64 65 64 64 64 64 63 62 61 62 59 51 40 40 40 45 46 47 46 46 46 46 45 46 45 45 44 43 43
camera 81 43 45 44 47 45 46 45 47 46 47 46 45 38 38 37 45 57 64 64 65 65 66 65 66 64 67 67 68 66 67 67 67 68 69 69 69 69 69 69 70 70 70 70 71 71 70 70 72 72 73 72 73 73 73 74 74 74 74 73 75 74 75 74 76 75 77 77 77 75 77 76 76 75 75 75 75 74 75 74 73 73 71 71 70 71 71 70 70 69 69 68 68 67 67 67 67 66 67 65 65 65 65 64 64 63 63 62 62 60 49 39 40 39 45 47 48 47 47 47 47 45 47 45 45 44 44 43
camera 83 43 45 44 46 45 46 46 46 46 47 46 44 38 38 38 44 57 62 63 64 64 66 65 64 64 66 66 67 66 67 66 66 67 68 67 69 68 69 68 70 69 70 69 71 69 70 70 72 71 72 70 73 72 72 72 73 73 73 72 73 73 74 74 75 74 76 76 76 75 76 76 75 75 75 75 74 74 74 73 72 73 71 71 70 70 70 69 70 68 69 66 68 66 67 66 68 66 66 65 65 64 65 64 65 62 62 62 62 59 49 41 40 40 45 46 47 46 47 46 46 46 46 44 45 45 44 43
camera 81 42 45 45 46 45 46 46 47 46 47 47 44 38 37 38 44 58 63 64 64 65 66 65 65 64 67 67 67 66 68 66 67 68 68 67 69 68 70 68 70 69 70 68 71 70 71 70 72 71 72 71 72 72 73 73 74 73 73 73 74 73 75 74 76 74 77 77 76 75 76 76 76 75 75 74 74 74 75 73 72 72 71 71 71 70 70 69 69 68 69 67 68 67 68 66 67 66 66 64 65 65 65 64 64 63 63 62 63 59 49 40 40 39 45 47 47 47 46 47 47 45 46 45 45 44 44 43
camera 81 42 45 44 46 45 47 46 47 46 47 46 45 38 38 38 45 58 64 64 62 65 66 65 66 64 66 66 67 66 67 67 67 68 68 68 68 68 70 68 70 70 70 69 71 70 70 71 71 72 72 71 74 72 73 73 74 74 73 73 75 74 75 75 77 75 77 76 76 75 77 76 76 75 75 74 74 74 74 73 72 73 71 71 70 70 70 70 70 69 69 68 68 67 67 66 67
