camera 81 43 44 44 45 45 46 45 47 46 47 46 44 38 38 37 44 58 63 63 64 63 65 65 65 64 66 66 67 66 67 66 66 67 67 67 68 68 69 68 69 69 70 69 70 70 70 70 72 71 72 71 72 71 72 72 73 73 73 72 73 72 73 74 75 74 76 76 76 75 76 76 75 75 74 75 73 73 74 72 72 72 71 70 70 69 70 68 70 68 68 67 67 65 67 66 66 66 66 65 65 64 64 64 62 62 62 61 61 59 49 40 39 39 44 46 47 47 47 46 46 45 46 44 44 43 43 42 
camera 81 43 46 45 46 45 46 46 47 47 47 46 44 38 38 38 45 58 64 64 65 64 66 65 65 64 66 67 67 66 67 67 67 68 69 68 69 68 69 68 69 70 70 69 71 70 71 70 72 71 73 71 73 72 73 73 73 74 74 74 74 73 74 75 77 75 77 77 76 75 76 77 76 75 75 75 74 74 75 73 73 73 72 71 70 71 70 69 69 69 68 67 68 66 67 67 67 66 66 65 65 66 65 65 64 63 62 62 62 59 49 40 39 40 45 46 47 47 47 46 47 46 46 44 44 43 44 43
camera 81 43 45 44 46 45 46 45 47 46 46 46 43 38 39 38 45 56 63 62 64 64 66 64 65 64 67 66 67 66 66 66 67 68 67 68 68 68 68 68 69 70 70 69 70 70 70 70 70 71 72 71 72 72 72 72 73 72 73 72 73 73 74 74 75 74 76 75 75 74 76 76 76 74 74 74 74 73 73 72 72 72 71 71 69 70 69 68 69 68 68 67 68 66 66 67 66 66 66 65 65 64 64 63 63 63 62 61 61 58 49 40 40 39 45 46 47 46 48 46 46 45 45 44 44 44 44 43
camera 80 42 45 44 47 45 47 45 47 46 47 46 44 39 38 37 45 58 63 64 64 64 65 64 66 64 66 66 66 66 67 66 67 68 68 68 69 68 69 69 70 70 70 69 70 70 70 69 71 72 72 71 73 72 73 72 73 74 73 72 74 73 74 74 75 74 76 77 76 75 76 76 76 75 74 75 74 74 74 73 72 72 71 71 69 70 69 69 69 68 69 68 67 66 67 67 67 66 66 65 65 65 65 62 63 62 62 62 62 59 49 40 40 39 45 46 47 46 47 46 46 45 45 45 44 44 44 43
camera 80 43 45 44 46 44 46 45 47 46 48 46 44 37 38 37 45 58 64 64 64 64 65 65 66 65 67 66 67 66 67 66 67 68 67 68 69 68 69 68 70 69 69 69 70 71 70 71 72 71 72 71 72 72 73 72 74 73 74 73 74 73 74 74 75 75 77 76 76 75 76 76 77 75 75 74 74 74 74 73 71 73 71 71 70 71 70 69 69 68 68 67 67 67 67 67 66 66 65 65 65 64 64 64 63 62 62 61 62 59 49 40 39 39 45 46 47 46 47 46 46 45 46 45 45 43 43 42
camera 81 43 44 44 46 45 45 46 46 46 47 47 43 38 37 37 45 58 63 63 64 64 65 65 65 64 66 66 67 65 68 66 67 66 67 67 68 68 69 67 69 69 70 68 70 70 70 70 71 71 71 71 72 72 72 73 73 73 73 72 73 73 73 74 75 75 76 76 76 74 75 75 76 75 74 74 73 73 74 72 72 71 71 70 69 70 70 68 69 67 68 67 67 66 67 66 67 65 65 64 64 64 63 63 63 62 62 61 61 59 49 40 39 39 44 47 47 46 46 46 46 45 46 44 44 43 44 42
camera 79 43 46 44 46 45 46 45 47 46 48 46 44 38 38 37 45 58 64 63 65 65 65 64 66 64 66 66 67 66 67 66 67 67 69 69 69 68 69 68 70 70 70 69 70 70 70 71 71 71 71 72 73 72 73 73 74 73 73 73 74 72 74 74 76 75 78 77 76 75 77 77 77 75 75 75 74 75 74 73 72 73 72 71 71 71 70 69 70 69 69 67 68 67 67 67 67 66 65 65 65 65 64 64 63 62 62 62 62 59 49 40 40 40 45 46 48 46 47 46 47 45 46 45 45 43 44 42
camera 81 43 44 44 45 45 46 45 46 46 46 46 43 38 38 37 45 58 63 63 64 64 65 64 66 64 66 66 67 65 67 66 68 67 68 68 68 67 69 67 70 69 69 69 70 70 70 70 70 71 71 70 72 72 72 72 72 73 73 72 74 73 73 74 74 74 76 76 76 74 76 76 76 75 74 72 74 73 74 72 72 72 71 70 70 69 69 69 69 68 68 68 68 66 67 66 66 66 65 64 65 64 64 63 62 62 61 61 62 59 49 40 39 39 45 47 46 46 47 46 46 45 46 43 44 43 44 43
camera 81 43 45 44 46 44 46 46 48 46 47 46 44 37 38 37 45 58 64 63 64 64 66 65 66 64 67 66 67 66 67 66 67 68 68 68 69 68 69 68 69 69 70 70 70 71 70 70 70 71 72 72 72 72 73 73 73 73 73 72 74 73 75 74 76 75 77 76 76 75 76 76 76 75 75 74 74 74 74 73 72 72 71 72 71 71 70 69 68 68 68 69 68 67 67 66 66 66 65 64 65 65 64 64 64 62 62 61 62 59 49 40 40 39 45 45 47 46 47 46 47 45 46 45 44 43 43 42
camera 82 43 45 44 46 45 45 46 47 46 47 46 44 38 38 37 44 58 63 64 65 64 66 64 66 64 65 66 67 66 67 67 67 67 68 68 69 68 69 69 69 69 70 70 71 70 70 71 71 71 71 71 72 72 72 72 74 73 74 73 74 73 74 74 76 74 77 76 76 75 76 76 76 75 75 74 75 73 74 73 72 72 71 71 70 70 70 69 69 68 67 67 68 67 67 66 67 66 66 65 65 65 64 64 63 62 62 62 62 60 50 40 39 39 44 47 47 46 47 46 47 44 46 44 44 44 44 42
camera 82 43 44 44 45 45 46 47 47 46 47 46 43 38 38 37 45 58 62 62 64 64 65 64 65 64 66 66 67 66 67 65 66 67 69 67 68 67 69 67 69 69 70 69 69 70 70 70 71 71 71 71 72 72 72 73 73 73 72 72 74 73 74 74 75 74 77 76 76 75 75 75 75 74 74 74 73 74 73 72 71 72 71 71 70 69 70 69 69 68 68 67 67 66 67 66 65 65 65 64 64 64 64 63 62 62 62 61 62 60 50 40 40 39 44 46 47 46 47 46 47 45 46 44 44 43 44 42
camera 82 43 45 45 46 45 47 46 47 45 47 46 43 38 38 37 45 59 63 64 64 64 65 65 66 64 67 66 67 66 67 66 67 68 68 68 69 68 69 68 70 69 70 69 71 71 71 70 71 71 72 72 73 72 73 73 74 73 73 73 75 74 75 76 76 75 77 76 76 75 76 76 76 75 74 74 74 74 74 74 72 73 71 71 70 70 70 69 70 68 69 68 68 66 67 67 67 66 65 65 65 64 64 63 63 62 63 62 62 59 50 40 40 39 44 47 47 45 47 46 46 45 46 45 44 44 43 42
camera 81 43 45 44 46 44 46 45 47 46 48 46 44 38 38 37 44 57 64 63 64 63 65 64 66 64 67 66 67 66 67 66 66 67 67 68 68 68 69 68 69 69 69 69 70 70 70 70 71 71 71 70 71 72 72 72 73 73 73 72 73 72 74 74 75 74 77 76 75 73 76 76 76 74 75 74 74 73 74 72 72 72 72 70 70 69 70 69 69 68 68 67 67 66 67 66 66 65 64 65 65 64 64 64 63 62 61 61 61 60 49 40 40 39 44 46 47 45 47 46 46 45 46 44 44 43 43 42
camera 80 43 44 44 45 44 46 45 47 47 47 46 44 38 38 38 44 58 63 63 65 64 65 64 66 64 67 66 68 66 67 66 67 67 68 68 70 68 69 68 70 69 70 69 72 70 71 70 71 71 72 71 73 72 73 73 73 74 73 73 73 73 74 74 75 75 77 76 75 75 76 76 76 75 75 74 74 74 74 72 72 73 71 71 71 70 69 68 69 68 68 67 68 66 67 66 67 65 66 65 65 64 64 64 63 62 62 61 62 59 49 40 40 39 44 46 46 46 47 46 46 45 46 45 43 44 44 42
camera 83 43 45 45 46 45 46 45 47 46 47 46 44 38 38 37 45 57 63 63 64 64 66 65 65 64 66 67 68 66 67 66 67 67 67 68 68 68 70 69 69 69 70 69 70 70 70 71 71 71 71 71 72 72 73 73 73 73 74 73 74 73 74 74 76 74 78 76 76 75 76 75 76 75 74 74 74 73 73 72 72 73 71 70 70 69 70 69 69 68 68 67 68 66 67 67 66 66 65 65 65 64 64 64 63 62 63 61 62 59 49 40 39 39 46 46 47 46 47 45 46 45 47 44 44 43 43 42
camera 80 42 45 44 45 44 46 44 47 46 46 45 42 38 38 37 49 59 62 63 64 64 65 64 66 64 66 65 67 65 67 66 67 66 68 68 69 68 69 69 69 69 70 69 70 70 70 71 71 71 71 71 72 72 72 72 73 73 72 72 73 73 74 73 75 74 75 76 76 74 76 75 75 74 74 74 74 73 73 72 72 72 72 70 69 70 70 69 69 68 66 67 67 66 66 67 66 66 65 64 64 64 63 63 63 62 61 61 61 59 49 40 39 39 44 46 47 46 47 45 46 44 45 43 44 42 42 41
camera 82 44 45 45 46 45 46 47 47 46 47 45 41 38 38 39 53 61 63 64 65 65 66 65 66 65 67 67 67 66 67 67 68 67 68 68 70 68 69 69 70 70 73 70 71 71 71 71 71 71 72 72 73 72 73 73 74 73 72 73 74 74 74 75 75 75 77 77 76 75 76 76 76 75 76 74 74 74 74 72 72 73 72 71 70 70 70 69 69 68 69 68 68 66 67 66 67 66 66 65 64 64 65 64 63 62 61 61 62 59 49 40 40 39 44 46 46 46 47 46 46 45 46 44 44 42 43 41
camera 83 43 46 45 46 45 46 45 46 46 47 46 40 37 38 38 51 61 63 63 64 64 65 64 65 63 66 66 67 66 67 65 67 67 68 67 68 68 69 69 69 69 70 69 70 70 70 70 70 71 72 71 72 72 72 71 72 72 73 73 74 73 74 74 75 74 75 75 76 74 75 76 74 74 74 74 73 73 73 72 72 72 72 70 70 70 70 68 69 68 69 67 67 66 66 65 66 65 66 64 64 64 64 64 63 62 62 61 61 58 47 39 39 39 46 46 47 46 46 45 46 46 46 45 44 43 44 42
camera 82 43 45 45 47 46 47 47 47 46 47 44 40 37 38 41 56 61 64 64 64 65 67 66 66 63 67 66 67 66 68 66 67 66 67 68 68 68 69 68 70 70 70 69 70 71 71 71 71 72 72 71 73 72 73 73 73 73 73 73 76 74 75 74 75 74 76 76 76 74 75 75 75 75 74 74 73 73 73 71 72 73 71 71 70 70 70 70 69 69 69 68 67 66 67 66 67 66 66 65 65 64 64 63 63 62 62 61 63 57 45 39 39 39 46 47 48 46 47 46 46 45 46 45 44 43 44 42
camera 81 43 46 45 47 46 47 46 47 47 44 39 38 38 44 57 61 62 64 64 65 65 66 65 66 65 66 65 67 66 67 66 67 68 68 67 70 68 69 69 70 69 70 70 71 71 71 71 71 72 73 73 74 73 73 73 73 73 74 75 75 74 75 74 76 74 76 75 76 74 76 76 75 74 74 73 73 72 73 72 72 72 71 70 70 69 69 69 69 68 69 67 68 66 67 66 66 66 66 65 64 64 64 63 62 62 62 62 58 45 40 39 41 45 47 46 47 46 47 46 47 45 46 44 44 44 44 43
camera 84 44 46 46 46 45 47 46 46 41 39 37 39 48 60 61 63 62 65 64 65 65 66 65 66 64 66 66 67 65 66 66 67 67 68 68 69 67 69 69 70 69 70 70 71 69 71 71 71 72 73 73 73 71 73 73 73 73 74 74 75 75 74 75 76 75 76 75 75 74 75 75 74 73 73 73 73 72 72 71 71 71 71 70 69 69 69 68 68 67 68 67 67 66 66 65 66 65 65 63 64 63 62 62 62 62 62 56 45 39 39 40 46 46 47 47 47 46 45 45 46 45 45 45 44 43 44 42
camera 83 44 46 45 48 46 47 45 40 37 38 40 55 61 63 61 63 64 65 65 65 66 67 66 67 65 67 66 68 66 67 68 68 69 70 69 70 69 70 69 71 71 71 70 72 72 72 72 73 73 74 73 74 75 74 74 75 74 75 75 76 75 76 76 76 75 76 76 76 74 76 75 74 74 73 72 72 73 73 71 72 72 71 71 70 70 69 68 69 68 69 66 68 66 66 66 66 65 66 65 65 64 63 62 62 62 58 45 40 38 41 45 48 47 48 46 47 46 46 46 46 45 46 45 44 43 44 42
camera 81 44 46 45 47 46 43 38 38 38 47 58 62 61 62 62 64 64 64 65 65 65 66 65 65 64 66 65 67 65 67 67 68 68 69 68 70 69 69 69 70 70 71 70 71 71 72 72 73 72 73 73 74 73 72 74 74 74 74 74 75 75 75 74 76 73 75 75 75 73 73 74 73 73 73 71 72 72 73 71 71 71 70 69 69 69 69 67 68 68 68 67 67 66 66 65 66 64 65 63 63 63 63 62 62 56 44 39 39 40 46 46 47 46 47 46 47 46 46 45 45 44 45 44 43 42 42 41
camera 80 44 45 45 46 43 39 38 39 43 57 62 62 62 63 62 64 64 65 64 65 65 65 66 65 64 67 67 67 66 68 67 68 69 69 69 70 69 71 69 71 70 71 71 72 72 73 72 73 72 74 73 74 73 73 74 75 75 75 75 76 75 76 75 76 74 76 75 75 73 74 74 73 73 73 73 74 72 73 71 71 71 70 69 68 69 69 67 69 67 68 67 68 67 66 65 66 65 65 64 62 62 62 64 60 49 41 39 40 43 47 47 47 46 46 45 45 45 46 45 45 43 44 42 42 41 41 40
camera 81 43 45 45 47 44 41 37 39 39 53 60 62 62 62 63 64 64 65 64 65 65 66 66 67 65 67 67 67 66 68 67 68 69 69 69 70 69 69 69 71 70 71 71 72 71 72 72 73 73 74 73 74 73 74 74 74 73 74 74 76 75 75 75 76 75 76 75 75 73 74 73 73 72 73 72 72 72 72 71 71 71 70 69 71 69 69 68 68 67 68 67 67 66 66 66 65 65 65 64 65 62 64 62 61 51 42 39 39 41 47 47 47 45 46 46 46 45 45 45 45 43 43 42 42 41 41 40
camera 82 44 46 45 47 45 47 42 40 37 38 43 58 61 62 62 64 63 65 64 65 65 66 65 67 64 67 67 67 66 67 66 67 68 69 68 70 68 69 69 70 70 71 70 71 71 71 71 72 72 73 72 74 73 74 74 74 73 74 74 75 75 74 75 76 73 75 75 74 73 74 74 73 74 72 73 72 72 71 71 71 71 70 69 69 69 69 67 68 68 68 67 67 66 65 65 66 65 65 63 63 62 64 62 62 61 55 42 39 38 41 45 47 47 46 45 47 45 46 45 45 44 44 42 41 41 42 40
camera 81 44 46 46 47 46 48 47 47 46 42 37 38 38 50 60 64 64 64 65 66 66 67 66 66 65 67 67 68 67 68 67 68 68 70 69 70 69 70 69 71 70 71 70 72 72 72 73 72 73 74 73 74 73 74 74 74 74 75 75 76 76 75 75 76 75 75 76 75 73 75 75 75 73 74 73 73 73 73 72 71 72 71 71 70 70 70 68 71 69 69 67 67 66 67 66 66 66 65 65 65 64 64 63 63 62 62 61 57 43 40 38 41 45 47 46 47 46 46 45 46 45 46 43 44 42 43 42
camera 82 43 45 45 47 46 47 46 47 46 47 46 47 45 39 37 38 40 55 63 64 65 66 65 66 64 66 66 67 66 67 67 67 68 67 68 69 67 69 67 69 69 70 70 71 70 71 71 72 72 72 72 73 72 73 74 74 73 73 74 75 73 75 74 76 74 75 75 75 74 74 75 74 73 73 73 73 73 72 72 71 71 71 70 70 69 70 68 67 68 68 67 68 66 67 66 66 66 65 65 63 64 64 63 63 62 62 61 62 60 60 55 44 38 40 41 45 46 47 46 47 46 46 44 44 43 43 41
camera 81 42 45 44 46 45 48 46 48 46 48 47 48 47 48 47 48 47 41 38 39 40 54 64 65 65 67 67 67 67 68 68 68 69 69 69 69 68 69 68 70 68 70 69 71 70 71 70 71 71 73 72 73 72 73 73 74 74 74 74 74 75 75 74 75 75 76 75 75 73 75 75 75 74 75 74 75 74 74 72 72 72 71 70 70 70 70 69 70 69 69 68 69 67 67 66 67 66 66 65 66 65 65 64 64 63 63 62 62 61 62 61 61 59 59 52 41 39 40 42 46 46 47 46 45 45 45 42
camera 82 43 45 44 45 44 46 45 46 45 46 46 47 46 47 48 48 47 49 49 49 49 43 39 39 38 49 63 66 67 68 67 68 68 69 69 70 69 70 68 70 69 69 67 70 70 70 70 72 71 72 71 72 71 72 73 73 73 73 74 75 74 74 74 76 74 76 76 75 74 75 75 74 74 75 76 75 75 76 73 73 73 73 71 71 71 71 70 70 69 69 68 69 67 67 68 68 66 66 65 65 65 65 64 65 63 64 63 64 62 61 62 62 60 60 60 60 59 58 49 41 39 40 43 45 45 45 44
camera 79 42 44 43 45 44 46 45 46 45 46 46 47 45 47 46 47 47 48 49 48 48 49 48 48 47 45 40 39 39 46 61 66 67 68 68 69 67 69 68 69 69 70 69 70 70 69 69 70 69 71 70 72 71 72 72 73 72 72 72 73 73 73 74 75 73 74 75 74 73 74 74 73 73 74 74 73 73 74 73 73 73 72 72 72 71 72 70 71 69 69 68 68 67 67 67 67 66 67 66 66 65 65 65 65 65 64 64 64 62 62 62 62 59 61 60 60 59 60 59 59 57 56 45 40 38 40 43
camera 76 42 44 43 45 44 46 44 46 45 46 46 47 46 47 47 47 46 48 47 48 48 49 47 49 48 49 49 50 48 46 40 39 39 46 62 68 68 69 68 69 69 70 70 70 71 71 70 71 71 72 71 71 70 72 72 71 73 73 73 74 73 73 74 75 73 75 75 74 74 74 75 74 74 74 74 74 73 74 73 73 74 73 73 73 73 72 71 72 71 71 69 69 68 69 68 69 67 67 68 67 66 66 66 64 65 65 63 64 63 63 62 63 61 62 61 61 60 60 59 60 59 59 58 57 55 52 43
camera 79 42 43 43 44 44 45 44 45 44 45 45 46 46 46 46 46 46 48 47 48 47 49 47 49 48 50 48 49 49 50 49 50 47 43 39 40 40 56 65 68 68 69 68 70 70 70 70 70 70 70 70 70 70 71 71 71 71 71 71 72 73 73 73 73 71 72 73 73 75 73 73 73 73 74 73 73 72 73 72 73 73 72 72 72 71 71 71 71 71 71 69 70 69 69 67 68 67 68 67 66 65 66 66 65 65 64 64 64 62 63 63 62 60 61 61 61 61 61 59 60 59 59 57 57 55 55 53
camera 84 41 44 43 45 43 45 44 45 44 45 44 46 45 46 46 46 46 47 47 48 47 48 48 48 48 49 48 49 49 50 49 49 49 50 50 46 40 39 39 44 59 67 66 69 69 70 69 70 70 71 69 71 70 71 71 71 71 71 71 72 72 72 72 73 72 74 74 73 72 74 74 73 73 74 75 74 74 74 73 73 73 72 72 71 72 72 71 71 71 71 70 71 69 70 69 70 68 68 66 67 66 67 66 66 65 65 63 64 63 64 63 63 61 62 62 60 61 61 60 60 59 59 59 57 56 55 54
camera 86 42 44 43 44 44 45 44 45 44 45 44 46 45 46 45 47 46 48 46 47 46 48 47 48 46 48 48 49 48 49 49 50 50 50 50 50 49 44 39 39 39 48 62 68 69 69 69 70 70 72 70 71 70 71 70 71 70 71 71 72 72 72 72 73 72 73 73 73 73 73 73 73 73 73 74 74 73 74 73 73 74 73 72 72 71 72 71 72 71 71 70 71 71 70 69 69 68 69 67 68 68 67 66 66 65 64 64 65 64 64 63 64 62 62 62 61 60 61 60 60 59 59 58 57 57 55 54
camera 84 42 43 43 45 44 45 43 45 44 44 43 45 45 45 45 46 46 47 46 47 47 48 47 47 46 48 48 48 47 49 48 50 49 50 49 50 48 49 42 40 39 40 50 65 67 68 68 70 70 71 70 71 70 71 70 70 70 71 70 71 71 71 71 71 71 72 72 73 72 73 73 72 72 73 73 73 73 73 72 72 73 73 72 71 71 71 70 71 70 71 69 70 69 69 69 69 68 68 67 67 66 67 66 66 65 65 64 64 62 63 64 63 61 62 61 61 61 61 60 59 59 59 57 57 56 55 53
camera 86 42 43 43 44 43 45 44 46 45 45 44 44 45 46 45 46 45 48 47 48 47 48 47 48 47 48 48 49 48 49 48 49 49 49 49 50 50 48 41 39 39 41 55 67 69 69 69 69 70 70 70 71 71 71 71 72 71 71 71 72 71 72 71 73 71 74 73 73 71 73 73 73 73 74 73 74 74 74 73 74 74 73 73 73 71 72 71 71 71 71 71 71 69 70 69 70 69 68 68 68 67 67 67 66 66 65 65 65 63 64 64 64 62 63 62 61 60 61 59 60 59 59 58 57 56 56 53
camera 84 41 44 43 44 44 45 45 45 44 45 44 45 45 45 46 46 45 47 46 46 47 48 48 48 47 48 48 48 48 49 49 49 49 50 49 50 46 41 39 39 41 56 66 67 67 68 68 69 69 70 70 71 69 70 69 70 69 70 70 71 70 72 71 72 70 71 72 72 71 72 72 72 72 73 72 73 73 73 72 72 72 71 73 72 71 71 71 71 70 70 70 71 69 69 68 68 67 68 67 67 66 66 65 65 65 65 64 63 62 63 62 63 62 62 61 60 60 60 58 60 59 59 57 56 56 54 52
camera 84 42 44 43 45 44 45 44 44 45 45 44 45 45 46 46 46 46 47 47 48 47 48 47 48 47 48 48 50 48 48 48 49 49 51 48 45 39 40 39 50 62 67 67 69 69 69 68 69 69 70 69 71 69 70 70 70 69 71 70 71 71 71 71 72 71 72 72 71 71 72 72 72 73 73 73 72 73 73 73 71 73 72 72 71 71 72 70 71 71 71 70 70 69 70 69 69 67 68 66 68 66 66 65 65 64 64 64 65 62 63 62 63 61 61 61 61 60 60 60 60 59 59 57 57 56 55 53
camera 85 41 44 43 44 44 46 44 45 44 45 45 45 45 47 45 46 45 47 46 48 47 49 47 47 46 48 47 49 48 50 49 50 49 45 39 39 39 47 60 67 67 68 67 68 69 68 68 69 69 70 69 70 69 69 70 70 70 70 71 71 70 61 46 45 46 50 53 57 59 65 67 69 71 71 72 72 72 74 72 72 72 71 71 71 71 71 71 71 71 70 69 69 68 69 68 68 67 66 66 67 66 65 65 64 64 64 63 64 62 61 62 62 61 61 61 61 60 60 59 59 58 58 57 56 55 53 51
camera 79 41 43 43 44 43 46 44 45 44 45 44 46 45 47 45 47 45 47 46 47 47 49 47 47 47 49 48 48 48 50 48 44 39 39 38 47 61 65 66 67 66 67 67 68 68 68 68 68 68 69 69 70 69 69 69 69 69 70 69 59 44 41 41 42 42 42 41 42 41 42 42 44 44 48 49 53 59 71 71 72 71 71 71 71 70 70 69 70 70 70 67 68 67 67 67 66 66 66 65 65 64 65 64 64 62 63 62 62 61 61 61 61 59 60 60 59 58 59 58 58 57 57 55 52 48 47 44
camera 81 41 44 43 45 44 45 44 45 45 46 44 45 45 46 45 47 46 47 47 48 47 48 48 48 47 48 49 49 47 42 38 39 40 54 64 67 66 67 67 68 68 68 68 69 69 69 68 69 68 70 69 70 69 70 70 70 69 64 61 59 55 54 50 49 46 46 44 43 42 42 41 42 41 43 60 72 72 73 72 72 73 71 71 70 71 70 67 56 53 56 56 59 60 62 63 64 64 65 64 65 65 64 63 63 63 62 62 62 62 61 61 61 60 61 59 59 58 59 57 56 49 47 44 44 42 43 42
camera 79 42 44 43 45 44 45 44 45 45 45 45 45 45 45 46 46 46 47 47 48 47 48 47 48 47 47 41 39 38 41 52 63 64 66 65 66 66 67 66 68 66 68 67 68 67 68 67 69 68 69 68 71 69 70 69 70 69 69 68 69 67 68 66 66 64 62 60 58 55 54 54 64 71 72 73 73 72 73 72 71 72 70 70 63 45 42 40 41 40 41 40 41 40 41 40 41 40 41 40 41 47 61 62 62 61 61 61 63 60 61 60 60 58 59 58 56 50 47 45 45 44 45 43 41 42 41 40
camera 80 42 44 43 45 45 45 44 45 45 45 45 46 45 46 46 47 46 47 47 49 48 48 42 38 38 39 48 62 63 65 65 67 66 67 67 67 67 68 67 67 67 68 67 68 69 69 68 70 69 70 69 70 70 69 69 70 70 70 71 72 71 72 71 70 70 70 70 71 71 73 74 74 73 74 73 73 73 72 71 71 64 60 58 57 56 55 53 54 52 51 50 49 47 47 46 46 49 61 63 63 62 63 62 63 62 62 60 61 60 60 59 56 52 48 45 46 45 45 44 43 42 43 42 42 41 41 40
camera 79 42 44 43 45 44 45 45 46 45 46 45 47 46 46 46 47 46 43 38 39 38 46 59 63 62 64 64 65 65 66 66 66 66 67 66 66 66 66 66 67 68 68 68 69 68 67 68 68 69 69 69 70 70 70 70 71 71 71 71 72 70 72 71 73 71 72 72 73 72 75 74 73 72 72 71 72 71 72 70 70 70 69 69 68 68 67 67 67 66 67 65 65 64 63 64 64 64 64 63 62 62 61 61 61 61 61 60 54 47 46 46 46 45 45 43 44 43 44 42 42 41 42 40 40 39 40 39
camera 57 41 44 44 46 45 46 45 46 45 46 46 46 39 38 37 40 52 60 61 62 62 63 63 64 62 64 64 65 64 65 65 65 66 66 66 67 66 68 66 65 64 63 62 65 65 66 67 67 68 69 68 70 70 70 70 70 70 70 71 72 72 73 72 74 72 73 73 72 71 73 72 72 71 71 70 70 71 71 69 70 70 69 68 67 66 67 65 66 65 65 64 66 64 64 64 63 62 63 61 62 61 61 59 53 47 46 45 47 45 45 44 44 43 43 42 42 41 42 40 40 39 40 38 38 38 39 37
camera 55 42 46 44 46 45 47 43 39 37 38 40 55 59 61 61 62 61 63 62 64 64 66 64 65 62 65 64 65 64 66 66 66 66 67 62 48 43 43 45 47 48 51 53 56 58 60 61 63 66 67 67 69 70 70 71 72 75 72 73 74 73 73 73 74 72 74 74 74 72 73 72 72 71 71 70 70 70 70 69 69 69 68 68 67 67 66 66 66 66 66 65 65 64 63 62 63 62 62 61 59 52 48 46 45 45 45 43 44 43 44 43 43 40 42 40 40 39 41 39 40 38 39 38 38 37 38 37
camera 55 43 43 40 38 37 38 47 57 59 58 59 60 60 61 62 61 61 63 62 62 63 64 63 64 62 65 64 64 64 65 52 42 39 41 39 40 39 40 39 41 42 45 44 47 49 52 54 59 66 70 70 71 71 71 70 72 71 72 72 73 72 73 72 74 72 72 73 73 70 71 71 70 70 69 69 68 68 69 68 68 67 66 66 66 68 66 65 65 64 64 63 63 62 61 61 62 60 58 51 48 45 45 43 44 43 44 43 44 42 42 41 41 40 40 39 40 39 39 38 39 37 38 37 37 36 37 36
camera 49 36 38 42 55 57 58 58 59 59 60 60 61 60 60 61 61 65 62 63 63 63 63 63 64 64 65 59 49 45 43 41 41 40 40 39 41 39 41 40 41 39 42 42 45 53 67 69 70 70 71 70 72 71 72 71 72 72 72 73 75 74 74 73 74 73 73 73 72 71 71 71 70 71 69 69 69 68 68 67 67 69 66 66 66 65 66 65 64 65 64 63 63 61 62 61 60 57 49 45 45 44 44 42 43 42 43 42 43 41 42 40 40 39 39 38 39 38 39 37 38 37 37 36 37 36 37 36
camera 51 49 55 55 58 57 59 58 59 59 60 59 61 60 61 60 61 61 62 61 63 63 64 63 64 58 57 53 52 48 46 43 43 41 41 40 40 39 40 40 41 40 45 62 68 69 69 69 71 70 71 71 72 71 72 72 72 72 73 74 74 74 74 73 73 72 73 72 71 70 71 69 69 69 70 68 68 68 68 67 67 67 66 65 65 65 66 64 65 63 64 62 62 60 60 59 53 46 46 44 44 43 43 42 43 42 43 42 42 40 40 39 39 38 39 39 39 38 38 37 37 36 37 37 37 36 37 36
camera 63 54 56 56 58 58 58 58 59 60 60 60 60 59 60 61 61 62 62 62 63 62 62 61 60 58 57 54 52 48 46 43 42 40 40 40 40 40 40 40 50 64 68 68 69 69 69 69 69 69 70 70 71 70 71 71 73 72 74 73 75 73 74 72 73 71 72 71 72 69 70 70 69 69 68 68 67 67 68 67 66 68 66 65 65 65 64 63 64 63 63 61 61 60 53 40 42 44 46 44 45 43 43 42 43 42 42 41 42 40 40 38 39 38 39 38 38 37 38 37 37 36 37 36 37 36 36 36
camera 64 54 56 57 59 59 60 59 60 59 60 60 61 59 61 61 61 61 62 63 63 63 63 62 60 57 57 53 51 47 46 43 42 40 40 40 41 41 56 66 69 68 69 68 70 69 69 70 70 71 71 72 71 71 72 73 74 73 73 73 74 73 74 73 73 72 72 72 71 69 70 70 70 69 69 68 68 68 68 67 67 67 66 66 65 65 66 63 63 62 62 60 51 40 38 39 43 45 45 43 43 42 44 42 43 42 42 41 41 40 39 39 39 38 39 38 38 37 38 37 37 36 37 36 37 36 37 35
camera 64 53 56 56 58 57 59 57 60 58 60 58 60 59 60 60 62 61 62 61 62 61 62 60 60 55 54 51 48 44 44 41 41 40 40 46 63 65 67 67 68 67 68 67 68 69 69 69 67 66 68 68 71 72 72 72 71 71 72 74 73 72 73 72 72 70 71 70 70 68 69 69 69 68 69 67 68 67 67 66 67 66 65 64 64 63 63 61 62 58 45 38 38 37 38 40 45 44 45 43 43 42 42 42 42 41 41 40 40 39 39 38 38 38 38 37 37 37 37 36 36 36 37 36 36 35 36 35
camera 64 54 57 56 58 57 58 58 60 59 60 58 60 60 61 61 62 61 62 62 63 62 62 60 59 54 54 50 48 44 42 41 42 56 65 67 67 67 68 67 68 68 69 67 69 69 66 62 65 67 70 70 72 71 71 71 72 72 72 72 74 73 72 71 72 68 71 71 70 69 70 70 69 68 69 68 67 67 68 66 66 66 65 64 62 63 62 54 42 39 38 37 38 38 39 42 45 44 44 43 43 41 42 41 42 40 41 40 40 38 39 38 39 37 38 37 37 36 37 36 37 35 37 36 36 35 37 35
camera 62 53 56 56 58 57 59 57 59 59 60 59 60 60 60 60 62 61 62 62 62 62 61 60 58 55 53 51 48 45 53 63 65 66 67 67 67 67 67 66 68 68 70 62 56 57 61 64 67 68 69 70 71 71 71 72 72 72 72 72 73 71 71 70 71 69 72 70 69 68 69 69 69 67 69 67 67 66 67 65 65 65 64 62 59 46 39 36 38 37 39 38 38 38 43 44 45 43 43 41 42 42 42 41 41 40 40 39 39 38 38 38 38 37 38 37 37 37 37 36 37 36 36 36 36 35 35 35
camera 62 53 55 57 58 57 59 58 59 59 60 60 60 59 61 61 62 61 62 61 62 62 62 61 60 55 55 59 65 64 65 65 66 66 66 66 67 66 67 67 61 48 48 52 57 60 63 66 68 69 70 70 71 70 70 70 71 72 71 72 71 70 70 70 70 69 70 70 69 67 69 68 68 66 67 66 66 66 66 64 63 61 49 38 38 37 38 37 38 37 38 36 38 40 45 44 44 42 42 42 42 41 41 40 40 39 39 38 39 37 38 37 38 36 37 36 37 36 37 35 36 35 36 35 36 35 36 36
camera 64 54 56 56 58 58 60 58 60 59 60 59 61 60 62 61 61 61 62 62 63 63 66 62 64 62 65 64 66 65 66 66 66 67 67 67 67 54 42 42 45 47 52 56 61 64 66 68 70 70 71 70 71 71 71 71 72 70 71 71 71 70 71 70 71 68 70 69 69 67 68 67 68 67 67 65 65 65 64 51 40 39 38 38 38 37 37 37 37 38 37 38 42 43 44 43 42 43 42 41 42 40 40 39 40 39 38 38 38 37 37 37 37 37 37 36 37 36 37 36 36 35 37 37 38 37 38 36
camera 64 53 56 56 56 57 59 58 59 58 60 59 59 59 60 60 61 61 62 62 62 63 64 63 63 63 65 64 64 64 65 65 66 66 57 41 41 40 41 43 47 51 56 59 65 67 68 68 69 69 70 69 71 70 70 70 71 69 70 70 70 69 69 69 69 68 68 68 67 66 67 66 66 65 65 64 58 44 39 37 38 38 38 37 37 37 37 37 37 36 38 41 43 43 42 41 42 41 41 41 42 39 40 38 38 37 38 37 39 36 37 36 37 35 37 36 37 36 38 37 38 37 38 37 38 37 37 37
camera 66 54 56 56 58 58 59 58 59 58 60 59 61 60 61 60 61 61 63 62 64 62 64 63 64 62 64 64 65 65 66 65 64 47 40 39 40 40 43 46 49 53 59 62 66 68 69 70 69 70 70 70 70 70 70 71 70 70 70 70 70 69 70 69 70 68 69 68 68 66 67 65 66 64 64 53 41 38 38 38 39 37 37 36 37 36 37 36 37 36 39 42 44 42 42 42 42 41 41 40 40 39 39 39 38 37 38 37 37 36 37 37 37 36 37 36 37 36 37 38 38 37 38 37 38 37 38 37
camera 65 54 56 56 58 58 59 58 59 59 59 59 60 60 61 61 61 61 62 62 64 63 64 63 63 62 65 64 65 65 66 65 66 65 49 40 41 40 42 43 48 49 54 58 63 66 67 68 70 69 71 69 71 70 70 70 70 70 70 69 71 70 70 69 69 68 69 69 68 67 68 66 66 65 65 64 46 39 38 37 39 38 38 37 38 36 37 36 37 36 37 38 42 42 43 41 43 41 42 40 41 40 40 38 39 37 37 37 38 37 37 37 36 36 36 37 36 36 36 36 37 38 38 36 37 37 38 36
camera 65 53 55 56 58 57 60 58 59 58 60 59 60 60 60 61 61 60 62 62 62 61 59 57 58 61 64 65 65 64 65 65 65 66 67 67 67 60 45 40 42 43 46 47 52 55 59 61 65 66 69 68 70 70 70 70 70 70 70 70 71 70 70 70 70 68 69 69 69 67 67 68 67 66 66 66 65 65 59 43 39 37 38 37 38 38 38 37 37 36 37 36 36 36 37 40 44 43 42 41 41 40 41 40 41 39 40 39 39 38 38 36 38 37 37 37 38 36 37 35 36 36 39 35 37 36 36 35
camera 64 55 56 57 58 57 59 58 60 58 60 59 60 59 60 59 59 58 58 56 54 53 52 49 48 46 45 42 43 41 53 63 66 66 67 67 67 67 68 66 68 68 67 51 45 43 45 47 48 50 53 55 58 60 64 65 68 68 69 71 73 72 72 72 71 70 71 71 71 68 70 69 69 68 69 68 67 67 67 66 66 66 62 51 41 38 39 42 43 38 39 38 38 37 38 37 37 36 36 36 37 39 43 43 44 43 43 41 42 42 41 41 41 40 40 39 39 37 38 37 39 37 38 36 37 37 37 36
camera 64 54 56 56 57 57 59 57 59 58 59 59 59 59 60 61 60 61 61 57 44 39 39 38 39 38 39 39 40 39 40 38 40 39 40 39 44 58 66 65 68 67 68 67 69 68 69 68 69 58 46 42 45 44 45 46 47 47 48 48 51 50 52 54 56 56 65 71 71 69 71 71 70 69 69 69 68 69 69 68 67 66 66 65 65 64 65 63 61 47 40 38 40 43 47 46 46 39 38 36 37 37 38 36 37 37 37 37 38 39 42 45 44 43 43 41 41 41 41 42 41 40 40 39 39 38 39 38
camera 56 36 38 42 53 56 58 59 59 58 59 59 60 59 60 61 61 60 61 62 62 62 64 64 64 62 57 48 47 45 46 45 45 45 45 44 45 44 44 42 44 43 43 52 66 68 68 68 69 69 69 70 70 70 71 67 49 41 41 41 42 41 42 42 42 41 42 41 42 40 42 41 49 66 71 71 70 70 70 69 70 69 68 68 67 67 67 66 67 66 65 65 65 62 64 54 42 38 39 41 47 47 47 47 47 46 46 41 37 36 37 35 37 37 37 37 37 39 42 43 43 43 43 41 41 40 40 39
camera 82 43 45 45 45 40 38 37 41 51 58 59 60 59 60 60 61 61 62 62 62 62 63 63 62 62 64 67 65 64 65 65 64 65 65 64 64 62 62 60 61 58 58 54 54 51 51 49 49 56 68 68 70 69 70 70 71 70 71 72 71 68 49 42 42 41 42 42 42 41 42 41 42 42 43 44 45 45 51 65 69 71 69 69 68 68 68 67 67 66 67 66 66 65 65 64 65 63 64 61 62 55 43 39 39 41 46 46 46 46 46 45 46 45 46 45 45 43 40 38 40 41 41 40 41 40 42 39
camera 82 43 45 43 45 44 45 44 46 41 39 37 39 47 56 59 60 60 61 61 62 62 63 62 64 62 64 64 65 64 64 65 65 65 66 65 67 66 66 65 67 66 67 66 67 65 65 62 61 58 56 53 51 49 60 68 70 69 71 70 71 71 72 71 72 71 68 48 43 41 43 43 44 45 48 50 53 55 58 60 62 64 65 67 68 68 68 68 68 66 67 66 66 65 66 65 65 64 64 63 62 62 64 62 62 60 57 42 40 38 41 45 47 46 47 45 46 45 46 45 45 44 45 43 44 43 43 42
camera 80 42 44 44 46 45 46 45 45 45 47 48 45 39 38 37 42 54 61 63 62 62 64 63 64 63 65 65 65 64 65 65 66 66 67 65 67 66 68 66 68 67 68 66 68 68 68 68 68 68 68 66 65 61 59 55 53 51 62 71 72 71 72 72 72 71 73 73 72 71 69 49 45 44 47 48 52 54 58 61 65 67 68 68 69 69 70 68 69 68 68 67 68 66 67 66 67 65 66 65 65 64 64 63 63 62 62 62 61 60 58 46 40 38 41 45 46 46 46 46 45 45 45 45 44 43 44 43
camera 82 42 44 44 46 44 45 44 46 45 46 45 47 46 47 45 41 37 39 40 53 60 63 62 63 61 64 64 65 64 65 66 65 65 66 66 66 66 67 67 67 66 67 67 68 68 68 68 68 68 69 68 69 67 66 65 62 58 55 51 49 53 68 69 72 70 71 71 72 70 72 72 72 72 58 48 50 53 57 61 64 67 69 70 70 69 70 69 69 68 67 67 67 66 66 67 66 65 65 64 63 64 64 64 64 62 62 61 62 60 61 60 60 58 51 40 40 39 43 44 46 45 46 45 45 44 44 43
camera 79 43 44 45 44 44 45 45 45 45 46 46 47 46 47 46 47 47 47 41 39 38 41 51 61 61 64 63 65 64 65 65 66 66 67 66 67 66 67 67 68 67 68 67 68 68 68 68 68 68 69 69 70 69 69 69 68 66 65 61 58 52 50 47 49 65 71 72 72 71 73 72 73 72 73 73 73 68 59 58 62 66 68 69 71 71 72 70 70 69 69 67 68 67 67 67 67 66 66 65 65 64 63 64 64 63 62 62 62 61 60 61 61 60 60 60 59 54 42 39 39 41 45 45 45 44 46 43
camera 81 42 44 43 45 44 46 44 45 44 45 45 47 46 47 46 47 46 48 48 50 47 43 38 38 38 49 59 65 64 65 64 65 65 66 66 68 67 68 66 67 67 67 67 67 68 68 68 68 69 70 69 69 69 69 68 69 70 69 67 66 62 58 51 49 45 44 43 57 68 72 71 72 71 72 72 73 73 74 73 72 69 69 71 71 71 71 71 70 70 70 69 68 67 67 66 67 66 66 65 64 64 65 64 64 64 63 62 62 62 62 61 61 60 61 60 60 59 59 57 57 46 40 38 40 43 45 43
camera 78 42 43 43 44 44 46 44 45 45 45 44 46 45 46 45 47 46 47 47 48 47 49 49 48 42 38 38 39 46 60 64 65 65 65 66 67 66 67 67 67 67 68 66 68 68 68 67 68 68 70 68 69 68 70 69 69 69 69 69 69 66 63 59 55 49 45 42 42 41 42 50 68 70 72 72 72 71 73 72 72 72 72 72 71 72 72 70 70 70 69 68 69 67 68 67 67 67 66 65 65 65 65 64 64 63 63 62 64 62 62 61 64 61 61 61 60 59 60 59 59 57 57 56 50 40 39 38
camera 80 41 44 43 45 43 45 44 45 45 46 45 46 46 46 45 46 46 47 47 48 48 49 48 50 48 50 48 43 39 39 39 49 62 66 65 67 66 67 67 68 68 69 68 69 69 68 68 68 69 70 68 70 69 70 70 70 70 70 70 70 68 67 62 58 51 48 44 43 40 41 41 42 41 52 69 71 73 72 72 72 73 73 72 72 72 72 72 72 72 71 70 69 69 69 68 69 66 67 66 66 66 66 65 65 65 64 64 64 62 62 63 63 61 62 61 60 60 60 59 60 58 58 57 55 55 54 50
camera 83 41 43 43 44 43 44 44 45 44 46 45 46 45 46 45 46 45 47 46 47 47 49 48 49 47 50 49 50 49 45 39 39 38 46 58 65 65 66 66 67 66 67 67 68 68 68 68 68 68 69 68 69 69 70 69 70 69 69 69 70 68 67 63 59 52 49 45 43 41 41 41 41 41 42 43 49 65 71 71 71 71 71 72 72 71 71 70 71 70 71 70 69 69 68 68 68 67 67 66 66 64 65 65 65 64 65 64 64 60 62 62 62 61 62 61 61 59 61 59 59 58 59 57 56 56 54 53
camera 84 42 44 42 44 43 45 44 44 44 45 45 46 45 46 46 46 46 47 47 47 47 48 47 48 48 49 50 50 49 51 49 44 39 39 39 46 59 66 65 67 67 68 67 69 69 69 68 69 69 70 68 70 69 70 69 71 70 71 70 71 69 67 62 58 52 48 44 43 41 40 41 41 41 42 44 47 51 58 69 71 73 71 72 71 73 73 71 72 71 71 70 70 69 69 68 69 68 68 67 67 67 66 66 66 65 64 64 64 63 63 63 63 62 62 61 62 60 61 60 60 59 59 57 57 56 55 53
camera 85 42 44 43 44 43 45 43 43 43 44 44 45 45 46 45 46 46 46 47 47 47 48 47 48 47 49 47 49 49 50 49 51 48 42 38 39 39 52 64 67 67 68 66 68 68 69 69 70 69 70 69 70 68 70 70 70 70 70 71 71 70 69 58 52 47 45 43 42 41 41 41 41 41 44 46 50 54 60 64 69 72 71 70 72 72 71 72 72 70 71 70 71 69 69 68 69 67 68 66 67 66 66 65 66 65 64 64 64 62 63 63 63 61 62 62 61 60 61 60 60 59 59 58 57 56 55 53
camera 86 42 44 42 44 43 45 43 45 43 45 43 46 44 46 45 46 46 47 46 48 47 48 47 48 47 49 48 49 48 49 48 50 50 49 42 39 38 40 50 64 66 67 66 67 68 68 70 69 69 70 69 70 69 70 68 70 70 70 70 71 70 71 64 49 43 42 41 41 41 42 42 42 43 47 49 54 59 64 66 69 72 71 71 71 71 71 70 71 70 70 69 70 69 69 68 68 68 68 67 66 66 66 67 65 65 64 63 63 62 62 62 62 61 61 61 61 60 61 59 60 59 60 57 56 55 55 53
camera 84 42 44 43 44 43 45 43 45 44 46 45 46 44 46 45 46 46 48 47 48 47 49 47 47 47 49 48 48 49 50 49 48 50 46 40 40 39 43 58 66 67 68 67 69 69 70 69 71 70 70 69 70 69 70 70 72 70 71 71 72 70 69 50 43 41 42 41 42 40 42 42 45 46 50 53 58 62 66 68 70 73 72 72 71 72 72 71 72 71 70 71 70 70 69 68 68 68 67 67 67 65 66 66 66 65 64 64 64 62 63 63 64 61 61 61 61 60 61 60 61 58 59 58 56 55 55 53
camera 85 42 43 43 44 43 46 44 46 44 45 44 46 44 47 45 46 46 47 46 48 47 49 47 48 47 48 47 49 49 50 48 43 39 39 39 50 63 66 66 67 67 68 68 69 68 68 68 69 68 69 68 70 69 69 70 70 71 71 70 57 43 42 41 42 40 42 41 43 43 46 46 49 50 54 57 60 65 72 71 72 72 72 71 71 71 71 69 70 70 70 68 68 67 67 66 67 66 66 66 66 65 64 64 64 63 63 63 62 61 61 61 61 61 60 60 59 59 59 58 59 56 58 56 55 55 55 52
camera 81 41 43 43 44 44 45 44 45 45 46 45 46 45 46 46 46 47 47 47 47 47 48 47 49 48 49 49 49 43 39 38 40 47 63 66 67 67 68 67 68 68 69 67 69 69 70 69 70 69 70 69 70 70 71 71 71 58 45 42 46 44 45 46 47 47 50 51 53 53 57 58 60 62 66 72 72 73 73 72 72 73 72 72 71 71 71 70 70 69 69 67 68 67 67 66 67 66 66 65 65 65 64 64 64 62 62 62 62 61 62 61 61 59 61 59 62 59 60 58 58 57 57 56 54 54 48 40
camera 59 42 44 44 45 44 45 45 46 46 46 45 46 45 46 46 47 46 47 47 48 47 49 48 49 46 40 38 39 40 57 64 66 65 67 67 68 67 69 67 69 67 69 67 69 69 70 69 69 69 70 69 70 68 61 58 59 60 60 61 62 62 63 63 65 64 65 66 66 65 66 70 73 74 73 73 73 72 73 72 71 72 71 71 69 67 68 66 67 66 67 65 66 65 66 65 65 64 65 63 64 63 64 63 63 61 62 62 62 60 61 61 61 60 60 59 58 58 59 58 58 58 54 43 39 39 41 41
camera 80 43 44 44 45 45 46 44 45 45 46 46 47 46 47 47 48 47 48 48 47 41 39 38 41 51 62 65 65 65 67 66 68 67 68 67 68 67 69 67 69 68 68 68 69 69 69 69 70 70 70 69 71 70 71 71 70 71 72 71 71 70 70 70 69 68 69 72 73 72 73 73 72 72 73 72 72 72 72 67 56 53 51 49 49 48 47 46 47 45 45 44 44 43 43 42 48 60 65 63 63 62 64 63 62 61 62 61 61 60 60 60 60 58 58 58 58 56 54 45 43 43 43 43 43 44 42 41
camera 80 43 45 44 46 46 47 46 46 46 47 47 47 46 47 45 39 38 38 39 53 62 65 64 66 63 66 65 67 66 67 67 66 68 68 67 69 67 69 67 69 69 70 69 70 70 70 69 71 71 72 71 73 72 71 73 73 73 73 72 74 72 73 73 74 73 74 74 73 73 74 74 73 73 71 57 46 43 43 41 42 41 41 40 40 40 40 41 41 40 41 42 51 62 65 64 65 64 64 63 64 62 61 62 61 61 60 61 61 59 60 59 57 51 48 45 45 44 45 43 43 42 42 40 41 40 41 39
camera 61 42 44 44 46 45 47 46 47 45 46 41 38 37 38 44 58 61 63 62 64 62 65 64 65 64 66 65 66 64 66 66 66 67 68 66 68 67 69 67 69 68 70 68 69 69 70 70 70 71 71 71 72 72 72 72 72 72 72 72 74 74 73 73 74 73 74 74 73 72 72 57 45 42 42 41 42 40 41 40 41 40 41 40 41 41 44 45 54 63 65 64 65 63 64 63 64 63 63 62 62 62 61 60 60 60 59 59 58 52 47 46 46 43 45 43 43 42 43 41 42 40 41 40 40 39 39 38
camera 57 43 45 45 45 45 46 41 38 37 38 45 58 60 61 63 62 62 64 64 64 64 66 65 65 63 66 65 66 65 66 66 67 67 68 68 69 67 69 67 69 69 69 69 71 70 70 69 71 71 75 72 73 72 72 73 73 73 73 74 74 74 75 74 74 74 73 69 50 43 42 42 42 41 41 41 41 40 41 41 42 44 47 50 55 62 66 65 66 66 67 65 66 64 65 64 64 62 63 62 62 61 61 60 60 58 54 48 46 45 46 45 45 43 44 42 42 41 42 41 41 40 39 39 39 38 39 38
camera 56 43 44 39 38 37 39 47 58 59 61 60 61 60 61 62 62 62 64 64 65 64 65 63 65 64 66 65 67 65 67 66 67 67 69 68 69 68 69 67 69 69 70 69 70 70 71 71 71 71 72 71 72 72 73 73 73 73 73 74 75 75 74 74 63 48 45 42 42 42 41 41 42 41 42 41 42 44 48 51 55 61 66 66 66 66 67 65 66 65 66 64 65 64 64 62 64 62 62 61 61 60 60 58 54 47 45 45 45 44 45 44 43 42 41 41 41 40 41 40 40 38 39 38 38 37 38 38
camera 50 36 39 38 52 58 59 58 60 59 61 60 61 61 61 61 61 62 62 62 62 64 64 64 64 63 65 66 66 66 67 66 67 67 67 67 68 68 69 68 69 69 69 68 70 70 70 70 71 71 71 71 73 71 73 73 73 73 74 73 74 68 58 51 48 44 43 42 41 41 41 41 40 41 42 43 46 50 56 65 67 67 67 67 66 67 66 64 66 64 64 64 64 63 63 62 62 61 61 60 60 58 55 46 45 45 45 45 46 43 44 42 42 41 42 41 41 39 40 39 39 38 39 38 38 37 38 37
camera 49 36 45 55 59 59 60 59 60 60 61 61 62 61 62 62 62 61 64 64 64 63 65 64 65 64 66 66 67 66 67 67 68 67 68 68 69 68 69 68 68 68 70 69 71 72 71 71 70 71 72 71 73 72 72 73 75 74 74 74 74 68 65 59 56 50 47 44 43 40 42 41 41 41 42 40 43 55 67 68 68 68 68 67 67 67 66 65 65 65 65 64 64 63 63 62 62 61 61 60 59 49 41 41 45 45 45 44 46 44 44 43 44 42 42 41 41 40 41 39 40 38 39 38 39 37 38 37
camera 51 36 39 43 56 57 59 58 60 59 60 60 61 61 62 61 61 61 62 64 63 63 64 64 64 63 66 65 66 65 66 66 67 67 67 68 68 68 68 68 69 68 69 69 70 70 71 70 70 70 72 70 72 72 73 72 73 73 74 74 75 75 74 74 74 72 71 69 65 59 57 52 49 45 44 42 42 53 67 67 67 69 67 67 66 66 66 65 66 64 65 64 64 62 63 62 62 60 61 60 57 46 39 38 39 43 45 45 45 44 45 45 45 42 43 41 41 41 42 41 41 40 40 39 38 38 38 38
camera 56 41 40 37 38 40 53 58 60 60 60 61 62 61 61 62 62 62 63 64 64 64 64 64 64 62 65 66 66 65 67 67 67 68 68 68 69 67 69 69 70 68 70 68 70 69 70 70 71 71 71 71 72 72 73 72 73 73 74 74 75 75 73 74 75 73 75 75 73 72 73 72 72 71 71 71 70 70 71 69 69 69 68 67 67 68 68 66 67 66 66 64 65 64 64 63 64 62 63 60 61 58 47 39 39 39 44 46 46 45 45 45 45 44 45 45 44 44 43 42 42 42 42 41 41 41 40 39
camera 80 44 46 45 43 38 38 37 43 56 60 60 61 60 61 61 62 62 63 64 64 64 65 64 64 63 66 65 66 65 67 66 66 67 68 68 68 67 69 68 67 69 69 68 70 70 70 70 69 70 71 71 72 72 72 72 73 72 73 73 75 73 75 75 76 74 74 75 74 73 74 74 72 72 72 73 71 71 71 69 69 70 69 67 68 67 67 66 67 66 67 65 66 65 65 65 65 64 64 62 62 62 61 56 43 39 39 41 45 46 46 46 46 45 46 46 46 44 45 43 44 43 45 43 43 42 42 40
camera 82 43 45 45 46 45 46 41 39 38 39 49 58 59 61 61 62 62 63 63 63 64 65 65 65 63 65 65 65 65 66 66 66 67 67 67 68 67 68 67 69 68 69 69 70 70 70 70 71 70 71 71 72 71 72 72 73 72 72 73 73 73 73 74 76 73 75 74 75 74 74 75 75 74 74 74 72 72 71 70 70 71 70 69 68 68 69 67 67 67 67 66 66 65 66 65 65 64 64 63 63 63 62 62 61 55 43 38 39 42 46 47 47 46 46 45 45 45 45 45 45 44 45 43 42 41 42 41
camera 82 43 45 45 45 45 47 46 46 40 38 37 40 50 60 62 62 62 64 64 64 64 65 64 65 64 66 66 67 65 67 67 67 68 68 68 69 68 69 68 69 69 70 69 70 70 71 71 71 71 72 72 73 71 73 72 72 73 73 73 74 75 75 74 75 74 76 75 76 74 76 76 75 75 75 74 73 74 74 72 73 72 71 71 70 70 70 69 68 68 68 67 68 66 67 66 67 65 66 64 65 63 64 63 62 61 61 53 42 39 39 43 48 47 47 46 47 46 47 45 46 45 45 44 45 43 44 44
camera 82 43 45 44 46 44 47 46 47 45 41 38 39 38 50 59 61 61 64 63 64 64 65 64 65 63 66 66 66 66 66 66 66 67 67 67 68 68 68 68 68 68 69 68 69 70 69 69 71 70 71 71 72 70 72 72 71 71 72 72 74 72 74 74 77 74 75 75 75 75 76 75 74 74 75 74 73 74 73 72 71 72 70 70 70 69 69 68 69 67 68 67 67 66 67 66 66 65 65 64 64 62 63 63 62 62 62 60 53 40 40 39 42 46 47 46 47 46 47 46 46 45 45 44 44 44 44 42
camera 80 43 44 44 46 45 47 46 47 46 44 38 38 38 44 56 61 62 63 64 65 64 65 65 65 64 65 66 67 65 67 67 67 68 68 68 68 68 69 68 70 69 71 69 70 71 71 70 71 71 72 71 72 71 72 73 73 72 72 73 74 73 74 74 76 74 76 76 76 74 76 76 76 75 75 74 74 74 74 72 72 72 71 71 70 71 70 69 69 68 68 67 67 66 67 66 66 66 66 64 65 63 64 63 63 62 62 61 57 43 40 39 42 46 47 47 47 47 47 46 46 45 46 44 44 45 44 43
camera 80 43 46 44 46 45 47 46 47 46 42 38 38 39 47 59 61 62 63 63 64 64 66 65 65 64 66 66 67 65 67 66 67 67 68 68 69 68 69 68 69 69 69 69 70 71 71 70 71 71 72 70 73 71 72 72 73 72 73 73 74 73 74 75 75 75 75 75 75 74 75 75 75 73 74 73 73 72 74 72 72 72 71 71 70 70 69 68 69 68 68 68 67 67 67 66 66 66 65 66 65 64 64 63 64 62 62 60 53 40 39 39 43 46 47 48 47 47 47 46 46 45 46 45 44 44 44 42
camera 81 43 44 44 46 45 47 46 47 45 41 37 38 40 54 60 62 62 65 63 65 64 66 65 65 64 66 66 66 65 66 66 66 67 67 68 69 66 69 68 69 69 70 69 70 70 70 70 71 71 72 71 72 72 72 72 72 73 72 73 74 74 74 74 75 73 75 75 75 73 75 75 74 74 74 73 73 72 72 72 70 72 70 70 69 70 69 68 69 68 68 67 67 66 66 66 66 65 66 65 65 63 63 63 64 62 61 56 43 39 39 41 46 46 47 46 47 47 47 46 48 45 46 44 44 44 44 42
camera 82 44 45 45 47 46 47 46 45 39 39 37 42 54 61 62 62 62 64 64 65 65 67 65 66 64 67 66 67 66 67 66 67 68 68 69 70 69 69 68 70 69 70 70 71 71 71 71 71 72 72 72 73 71 73 73 74 73 73 73 75 74 75 75 76 74 77 76 76 74 76 76 75 74 74 73 73 74 73 72 71 72 71 71 70 71 69 69 69 68 68 67 68 66 67 66 67 66 66 65 65 63 64 63 63 62 56 42 40 37 42 46 48 46 48 46 47 46 47 45 46 45 45 44 44 44 44 43
camera 80 44 46 45 46 45 46 44 40 38 39 41 55 59 61 61 62 62 64 64 66 64 66 65 65 64 66 65 67 65 66 66 67 67 68 68 69 68 69 68 69 69 70 69 70 70 70 70 71 71 72 71 72 72 72 72 73 73 73 73 74 74 75 73 75 75 75 75 76 74 75 73 73 73 73 73 73 72 72 71 71 71 70 69 69 69 69 68 68 67 67 67 67 66 66 65 66 65 65 63 62 62 63 63 62 57 44 39 39 40 46 46 47 46 47 46 46 46 47 44 46 44 46 44 44 43 43 42
camera 81 44 47 45 47 46 47 43 39 37 38 44 58 61 61 62 62 62 64 64 65 66 66 66 65 64 66 66 66 66 66 67 67 68 69 69 69 68 69 68 69 69 70 70 70 70 71 71 72 71 73 72 73 72 72 72 71 74 74 73 74 74 75 75 75 75 76 76 75 74 75 75 73 73 74 73 73 72 73 72 72 72 70 70 69 69 69 68 70 68 68 67 68 66 67 65 66 65 65 64 64 63 64 62 62 54 43 39 39 41 47 47 48 47 47 47 46 46 46 45 46 45 45 44 43 43 43 41
camera 83 44 46 45 47 47 46 40 38 37 40 50 60 61 62 62 62 63 63 64 65 65 66 65 65 63 65 66 66 65 67 67 67 68 68 68 69 68 69 68 70 69 70 69 70 70 70 70 74 71 73 71 73 71 72 72 71 73 74 74 75 75 76 76 75 75 77 76 76 74 75 75 74 73 73 74 73 73 72 71 71 71 70 69 69 69 68 68 69 67 68 67 67 66 66 67 66 65 65 64 65 62 63 61 62 52 41 39 41 42 47 46 47 46 47 46 46 45 46 45 45 45 45 43 43 43 43 43
camera 80 43 45 45 46 46 44 38 37 37 43 56 61 60 61 61 62 62 64 63 65 64 65 65 66 63 66 65 66 65 67 66 67 68 68 67 69 68 69 68 68 68 70 69 70 70 70 70 71 71 72 73 72 71 71 72 72 73 73 73 75 75 75 75 76 75 76 76 75 74 75 75 74 73 73 71 72 72 72 71 70 70 70 69 68 69 69 67 68 67 67 67 66 65 66 65 65 64 64 62 62 62 62 62 60 47 40 39 39 43 46 46 47 46 47 45 45 43 45 43 44 43 44 43 43 41 41 40
camera 79 43 45 45 46 46 43 38 39 37 45 57 61 60 62 62 62 62 64 63 65 65 65 65 65 63 66 65 67 65 67 67 67 67 68 69 69 68 69 68 69 69 70 69 71 70 72 71 71 72 73 72 73 72 74 73 74 73 74 74 75 74 74 75 76 74 76 76 76 75 76 76 74 73 74 73 72 72 72 70 70 71 69 70 69 69 69 68 68 67 67 67 66 65 66 65 65 65 64 63 64 62 62 61 58 44 39 38 39 44 47 47 46 45 45 44 45 44 45 43 43 41 42 41 41 40 41 39
camera 80 43 44 44 46 45 46 40 38 37 39 49 59 60 61 60 61 61 63 63 64 64 65 63 64 62 65 65 66 64 66 65 67 67 68 67 68 67 69 67 68 68 68 69 69 69 70 69 70 70 69 70 71 71 71 72 72 71 72 72 73 73 74 73 75 74 75 74 74 72 74 73 73 72 73 71 72 70 71 69 69 69 68 68 68 67 67 66 67 66 65 65 66 65 64 64 65 64 62 62 62 61 61 62 60 49 40 38 39 42 46 46 46 44 46 44 44 43 43 42 41 41 43 40 41 39 41 39
camera 77 43 45 45 47 45 46 44 41 37 38 40 54 58 60 61 62 62 64 63 64 64 65 65 65 64 66 65 66 65 66 66 66 67 67 67 68 68 69 67 68 68 69 68 70 70 69 70 70 70 71 71 72 71 72 71 72 72 72 71 73 72 73 74 75 74 75 74 75 73 74 74 74 73 73 73 71 71 72 70 70 69 69 70 68 68 68 67 67 67 67 67 66 65 65 65 64 64 64 62 62 62 62 61 61 57 44 37 39 40 44 45 46 45 45 43 43 42 43 42 42 41 42 40 40 39 40 39
camera 58 42 48 45 46 45 46 45 42 37 40 37 47 57 60 61 61 61 61 62 63 64 64 64 64 62 63 65 65 65 66 66 66 66 66 66 67 66 66 65 66 66 68 65 66 66 66 64 65 65 66 64 64 66 70 70 71 71 72 72 73 72 73 73 74 72 64 55 54 51 52 51 50 49 49 47 47 50 46 45 45 44 45 56 66 66 67 66 67 66 67 65 65 64 65 64 64 63 64 62 62 61 62 60 61 59 49 40 40 40 45 45 45 44 44 43 43 42 42 42 42 41 42 40 40 38 40 38
camera 58 42 44 44 45 45 46 44 40 37 38 38 52 58 60 60 61 61 62 63 63 63 64 64 64 62 64 64 65 64 64 65 65 65 66 64 49 41 42 40 41 42 41 40 41 40 42 40 41 40 42 40 42 50 68 69 71 71 71 71 72 72 72 72 73 72 59 43 42 40 41 41 41 42 42 41 41 40 41 41 41 41 41 50 64 67 67 66 67 66 66 65 65 64 64 64 64 62 63 61 62 61 61 60 60 58 54 41 39 40 44 45 46 43 44 42 43 41 42 41 42 41 41 40 40 39 39 38
camera 57 42 45 44 46 45 46 40 38 37 39 48 57 59 61 61 61 62 63 62 62 64 65 64 64 62 65 64 65 64 66 65 66 67 67 58 45 40 41 40 41 40 41 40 42 40 42 41 42 41 42 42 42 50 67 70 72 72 72 72 73 72 73 74 73 72 66 50 48 47 48 47 48 48 49 48 50 49 50 49 50 51 51 52 61 68 68 67 67 66 67 66 65 64 65 64 64 64 64 62 62 61 62 60 61 60 60 53 42 38 39 41 45 44 45 44 45 43 43 43 42 41 42 41 40 40 40 40
camera 81 42 45 44 45 42 39 37 38 39 53 58 59 59 60 60 61 61 62 61 62 63 64 62 63 61 64 63 65 63 65 65 65 65 66 59 56 54 56 55 58 56 58 58 59 59 59 59 62 59 60 60 61 63 69 70 69 71 71 71 72 72 72 72 72 71 72 69 69 68 69 69 69 67 68 67 68 67 68 66 67 67 66 66 65 67 67 66 68 66 66 65 66 65 64 64 64 63 63 62 63 61 62 60 61 60 61 59 59 50 41 38 39 40 45 45 45 44 44 44 44 44 43 42 41 41 41 39
camera 79 43 45 41 39 36 38 39 53 57 60 59 60 59 61 60 61 61 63 62 64 62 64 62 64 62 64 65 66 65 66 66 66 66 66 66 67 67 67 67 67 67 68 67 68 70 69 69 69 69 70 69 70 70 71 71 71 71 72 71 73 71 73 72 73 73 74 74 74 73 75 75 73 73 73 72 72 72 72 71 70 70 70 69 69 68 68 67 67 66 67 66 66 65 66 65 65 64 64 62 63 62 63 61 61 61 61 59 60 58 57 45 38 38 39 42 45 45 45 44 44 43 44 43 43 43 43 42
camera 78 37 38 37 38 42 55 57 59 58 59 59 60 60 60 61 62 61 62 62 62 62 62 62 63 62 65 65 65 64 66 65 65 66 67 66 67 66 68 66 68 66 68 67 69 68 70 68 69 69 70 69 70 70 71 70 71 71 71 72 72 72 73 72 73 73 74 74 75 74 75 75 74 73 73 72 72 71 72 70 70 71 69 69 68 68 68 67 67 66 67 66 66 65 66 64 65 64 64 63 63 62 63 62 61 60 61 60 60 58 60 57 46 39 39 39 42 44 46 45 45 44 44 43 42 41 41 40
camera 75 36 38 40 53 57 59 58 59 58 60 59 60 60 62 60 62 60 62 61 62 62 65 62 64 62 65 63 65 64 66 65 66 65 67 66 67 66 67 66 67 67 68 67 69 69 68 68 69 70 70 69 70 70 70 71 71 70 71 72 73 72 73 72 73 71 74 74 76 75 77 76 74 73 73 72 72 71 72 70 70 71 69 68 68 68 68 67 67 68 66 66 65 64 65 64 65 63 64 63 62 62 63 62 62 60 60 60 62 59 60 59 57 45 40 38 37 41 45 45 45 44 44 43 43 42 41 40
camera 75 39 47 55 58 57 59 58 59 58 60 60 60 60 61 61 61 62 62 63 63 63 64 63 64 62 65 65 64 64 66 65 66 67 67 67 68 66 68 67 68 67 68 67 68 69 69 68 70 70 70 69 71 70 71 71 72 70 72 72 73 72 73 74 74 73 75 75 77 76 78 76 75 73 72 73 72 72 72 71 71 71 70 69 69 68 68 67 67 67 67 66 66 65 66 65 65 65 65 63 64 63 63 62 62 61 62 60 61 59 60 60 59 56 45 39 39 38 43 44 46 44 44 43 43 43 42 41
camera 84 52 55 55 58 57 58 58 59 58 60 59 61 59 60 60 61 61 62 61 62 62 64 63 64 62 64 64 65 64 65 65 66 66 66 66 67 66 66 67 67 67 68 67 68 68 67 68 69 69 70 69 70 70 71 71 71 71 71 71 72 72 74 73 74 73 75 75 77 76 79 78 75 74 73 72 72 71 72 70 70 70 69 68 68 68 68 67 67 66 66 66 66 65 64 65 65 64 64 63 64 62 61 62 62 61 61 61 61 59 59 59 59 57 57 45 40 38 40 42 45 44 45 43 44 42 44 41
camera 88 53 56 56 58 58 59 58 59 58 60 60 60 60 61 60 61 60 62 62 62 63 64 63 64 61 65 64 66 65 66 65 66 66 67 66 66 67 67 67 68 68 68 67 68 69 69 69 70 70 70 70 71 70 70 71 72 71 72 72 73 72 74 73 75 73 76 77 80 79 80 78 76 73 73 73 73 72 72 71 70 70 69 69 69 69 68 67 68 67 67 67 65 65 66 65 65 65 64 63 63 63 63 62 62 62 61 61 62 60 60 60 60 58 59 57 47 39 39 39 42 44 45 43 44 42 43 41
camera 90 53 56 55 58 58 60 58 59 59 59 58 60 59 62 60 61 60 62 61 63 63 64 63 64 62 65 64 65 64 66 65 66 66 66 66 67 66 67 67 67 67 68 67 68 68 68 69 69 70 70 69 70 70 71 71 71 70 71 71 73 72 74 73 74 73 75 77 78 78 80 77 75 73 73 72 72 71 72 70 70 71 69 69 68 68 67 67 68 68 67 67 66 65 65 65 65 64 64 64 63 63 62 62 62 62 61 60 61 60 61 59 59 57 58 58 58 52 42 39 39 38 43 43 44 42 43 41
camera 87 54 56 57 58 57 58 58 59 58 59 60 60 60 60 60 60 60 62 63 62 63 64 63 64 62 65 64 65 64 65 65 66 66 66 66 67 66 68 66 68 67 68 66 68 68 70 68 69 69 70 69 70 70 71 71 71 71 72 72 73 72 72 73 74 73 75 77 79 79 78 77 75 73 73 73 72 72 72 70 70 71 69 68 68 68 69 67 67 67 67 66 66 65 65 64 66 65 64 62 63 62 66 62 63 62 61 61 61 60 59 59 60 58 59 58 57 57 56 50 41 38 39 39 43 43 42 42
camera 88 54 56 57 58 56 59 57 59 59 61 59 61 59 60 60 61 61 63 62 62 62 64 63 64 62 66 64 65 64 66 65 67 67 68 66 68 66 67 66 68 67 68 67 68 69 69 68 69 69 70 70 71 70 71 72 72 72 72 73 73 72 73 73 75 74 74 76 78 81 79 79 77 74 75 73 73 72 72 71 71 71 70 69 69 68 69 67 68 67 68 67 67 65 65 64 66 65 65 64 64 63 63 62 63 62 62 61 62 60 61 61 60 59 58 59 59 59 58 58 57 49 40 38 38 39 43 42
camera 89 54 56 55 57 57 59 57 60 58 59 58 60 59 60 59 60 60 62 62 62 62 64 63 63 62 64 65 65 64 65 65 65 66 67 67 67 66 67 66 67 67 68 67 68 68 69 68 68 69 69 69 70 70 70 70 71 70 71 71 72 71 72 73 74 72 74 74 75 74 75 78 78 75 74 73 73 72 72 71 71 70 69 69 69 68 68 67 68 67 67 66 66 65 65 65 65 64 64 63 64 63 63 62 62 62 61 61 62 60 61 60 59 58 59 58 58 57 58 57 57 55 55 43 39 38 39 37
camera 66 54 56 56 58 58 59 59 59 59 60 59 60 60 61 60 61 60 62 61 63 62 64 63 64 62 65 64 65 65 65 65 66 67 67 66 67 67 67 67 68 67 68 67 69 69 68 69 69 69 70 70 71 70 70 71 71 71 72 72 73 72 74 73 73 72 74 74 74 74 78 78 79 77 76 75 74 73 74 71 71 71 70 69 69 69 70 68 68 68 68 67 67 65 67 65 65 65 65 64 64 63 63 63 62 62 62 62 62 61 60 61 60 59 60 59 59 58 58 57 57 56 57 53 42 39 40 38
camera 65 54 56 57 58 57 59 58 59 58 59 59 61 59 60 60 61 60 62 61 62 62 64 63 64 62 64 63 65 64 65 65 66 66 67 66 67 66 66 66 68 67 68 67 68 68 71 68 69 69 70 70 71 70 69 70 71 71 71 71 72 72 72 73 73 72 73 75 75 74 77 78 77 75 76 74 73 72 74 71 71 71 70 69 69 69 69 67 68 67 67 66 66 65 65 65 65 64 65 63 64 63 62 63 63 62 62 61 61 60 60 60 60 59 59 59 58 58 58 57 57 56 55 43 39 38 39 37
camera 89 53 56 56 58 57 58 59 59 59 59 59 60 59 60 61 60 60 62 61 62 63 64 62 64 62 65 64 65 64 65 64 65 65 66 66 67 66 67 65 67 66 67 67 68 68 69 69 69 69 70 69 70 69 70 71 71 71 71 72 73 72 73 73 74 73 73 75 76 75 77 78 77 75 75 73 72 72 72 71 70 70 70 69 69 68 68 67 68 67 68 66 66 66 65 65 65 64 65 63 63 62 63 62 62 62 62 61 61 60 61 59 60 59 59 59 58 57 57 56 50 40 39 38 39 42 43 42
camera 88 54 56 56 58 58 58 58 59 60 60 60 61 60 62 61 61 61 62 62 63 63 64 63 64 62 65 64 65 65 66 65 66 67 67 67 67 67 68 66 68 67 69 68 71 69 69 69 70 69 70 70 70 70 71 70 72 71 72 72 74 72 73 74 74 74 76 77 78 79 79 78 76 74 73 73 73 72 72 71 71 71 69 69 68 69 68 67 68 67 68 66 67 65 66 64 66 65 64 64 63 62 64 62 62 62 63 61 61 60 60 60 59 59 58 58 51 40 39 38 41 43 46 44 43 41 42 41
camera 76 36 38 39 52 57 58 58 59 58 60 59 60 61 61 61 61 60 62 62 62 61 64 63 63 62 65 64 65 63 65 65 65 65 66 66 67 66 67 66 67 67 68 67 68 69 69 69 69 69 69 69 70 70 70 71 71 71 71 71 72 72 72 72 73 72 74 75 76 75 78 76 74 73 73 72 72 71 72 70 69 70 69 68 68 67 68 66 66 66 66 66 66 65 65 64 64 64 65 63 63 64 62 62 61 61 60 60 61 60 59 59 58 47 40 38 39 42 45 45 45 44 44 43 43 43 43 41
camera 79 43 45 44 46 45 47 43 39 37 38 40 55 59 62 61 62 61 63 62 64 64 65 64 64 62 65 64 65 65 65 65 66 66 67 67 61 47 44 44 45 45 45 45 46 45 47 46 47 44 47 45 47 47 49 60 70 71 72 72 72 73 73 72 73 73 73 74 68 54 51 51 51 51 50 50 51 50 51 50 50 50 51 50 50 51 52 61 67 67 67 66 66 65 65 65 65 65 64 63 64 62 62 62 61 61 61 61 61 59 59 56 44 38 39 39 43 45 46 45 45 44 45 44 44 43 43 42
camera 82 43 45 44 45 45 46 46 47 45 46 46 46 46 47 47 44 39 39 40 53 62 64 64 64 62 65 64 66 65 66 65 66 66 67 67 68 66 68 66 68 67 68 68 69 68 69 69 69 70 71 69 71 70 70 71 71 71 70 71 72 72 72 72 73 71 72 73 73 71 72 72 72 72 71 70 70 69 69 67 66 66 65 63 62 61 65 66 68 67 68 66 67 65 66 64 65 64 65 64 63 62 63 62 62 61 59 60 61 57 46 39 39 38 42 45 46 45 46 46 45 44 44 44 43 42 43 42
camera 78 42 44 43 45 44 45 45 45 45 47 45 47 47 47 46 46 46 47 48 48 48 49 47 43 39 40 50 64 65 66 66 67 67 67 67 68 67 68 66 68 68 69 68 70 69 69 72 70 69 71 70 72 70 72 71 72 71 72 72 73 72 73 72 73 72 73 73 75 73 75 74 74 74 75 74 74 73 73 73 71 71 70 70 69 69 69 69 68 67 67 68 67 66 66 65 65 64 64 64 63 62 62 61 61 53 42 39 40 43 47 47 47 46 46 45 46 45 45 44 45 44 44 42 43 41 44 41
camera 80 42 44 43 45 44 46 44 46 44 46 46 47 46 47 46 47 47 47 47 49 48 48 50 49 48 50 50 51 49 49 42 40 47 63 67 68 68 69 69 70 69 70 68 69 69 70 71 71 71 71 71 71 71 72 72 73 72 73 73 74 73 74 73 75 73 74 75 75 74 75 74 75 75 75 74 74 73 74 73 72 72 70 70 70 70 69 68 69 68 68 67 67 66 66 65 65 64 62 52 42 39 44 46 48 47 47 47 48 47 47 46 47 46 45 45 46 45 46 45 44 43 43 43 42 42 42 42
camera 81 43 46 45 47 46 48 47 48 47 48 47 47 46 48 47 47 46 47 47 48 48 49 48 48 47 49 49 50 50 50 50 51 50 51 50 51 47 43 42 57 67 70 68 70 70 71 70 70 70 71 70 72 71 72 72 72 72 72 72 74 73 74 73 75 75 75 75 74 73 75 75 75 74 74 74 74 74 74 73 72 72 71 70 69 69 68 68 68 68 67 66 66 61 47 40 44 46 48 47 48 47 48 47 47 45 47 45 47 45 46 45 46 44 46 45 45 44 46 44 44 43 44 43 42 42 42 41
camera 81 47 46 45 47 46 47 46 47 48 48 47 48 48 48 48 49 49 50 49 50 50 50 50 50 49 50 49 51 49 50 50 51 50 51 51 52 51 51 50 51 50 51 47 43 51 67 70 71 71 72 72 75 71 72 72 73 73 74 74 74 74 75 75 76 74 76 76 75 75 77 77 77 76 76 76 77 76 76 74 74 75 73 72 72 71 70 69 69 66 52 42 46 48 50 49 49 48 49 48 48 47 48 47 47 46 47 46 46 45 46 46 46 45 46 43 40 40 41 42 45 45 45 43 43 42 42 41
camera 81 43 46 45 47 47 49 49 50 48 48 47 48 48 48 48 49 48 50 49 50 49 49 49 49 48 50 50 50 50 50 49 50 50 50 50 50 49 51 51 52 50 52 50 52 50 46 45 61 69 72 71 72 72 73 72 72 73 73 73 75 75 75 75 76 76 77 76 76 74 76 76 76 77 76 77 76 75 75 74 73 73 71 71 71 70 70 68 60 44 45 48 50 49 50 49 49 49 49 48 48 47 48 47 48 47 47 46 47 46 47 46 45 40 41 40 41 42 44 45 46 45 44 44 43 42 42 40
camera 80 44 46 45 47 47 47 46 47 47 48 46 49 50 51 49 49 49 50 50 50 50 51 50 51 49 51 49 50 49 51 50 51 51 51 49 51 50 52 50 52 51 52 52 52 52 52 50 46 45 61 71 72 72 72 72 72 72 73 74 74 74 75 74 75 74 76 76 75 74 76 76 76 75 75 74 75 74 74 73 73 73 71 70 70 70 69 64 49 44 49 49 50 49 50 49 49 48 48 48 48 48 47 47 48 47 48 47 47 46 45 42 40 39 40 39 42 44 46 44 46 43 44 43 42 41 41 39
camera 79 44 46 46 47 46 47 46 48 47 48 48 50 51 51 49 49 49 50 50 50 50 51 50 51 49 51 50 51 50 50 50 51 51 52 50 52 51 51 50 52 52 53 51 52 52 52 52 47 45 62 70 73 72 73 72 73 73 72 73 75 74 75 75 76 74 77 77 76 75 76 76 76 76 75 76 75 77 76 74 73 73 72 72 71 71 70 62 46 44 49 49 50 49 49 49 49 48 49 47 49 48 48 48 49 49 48 48 47 46 45 42 41 40 41 37 39 43 46 45 45 44 44 43 43 41 42 40
camera 82 43 45 45 48 47 49 48 49 47 48 47 48 47 48 48 49 49 49 49 49 49 50 49 49 48 50 49 49 49 50 49 50 50 50 50 49 49 50 52 51 51 51 51 51 51 48 44 54 67 71 71 73 72 73 71 72 72 72 73 75 74 75 75 76 74 76 76 75 74 76 77 76 75 75 75 76 75 74 75 73 73 71 70 70 70 69 69 65 49 43 47 49 49 49 48 49 48 48 47 48 47 48 46 47 47 47 46 47 46 47 45 44 40 40 39 41 41 43 44 45 44 44 43 44 43 43 42
camera 83 43 45 45 47 46 47 46 46 47 48 47 48 47 49 48 48 49 50 51 50 49 50 49 49 48 49 48 50 49 50 49 51 50 51 50 52 51 52 50 51 51 51 46 42 50 66 70 71 71 72 71 72 72 72 73 73 73 74 75 76 75 75 75 76 75 75 75 76 75 77 77 76 76 76 75 76 76 75 74 74 74 73 71 71 71 72 69 70 68 68 55 43 44 49 49 50 48 49 48 49 48 48 48 48 47 48 47 47 45 46 46 46 45 46 46 44 41 41 40 42 43 45 45 44 42 43 42
camera 82 43 46 45 47 47 48 46 47 46 46 46 46 45 46 46 47 47 47 47 48 48 48 48 49 49 49 49 50 49 50 49 50 51 52 51 52 49 50 43 41 49 65 69 70 71 71 70 70 71 72 71 72 72 72 72 72 72 72 72 74 74 73 73 74 73 75 76 75 74 74 75 76 75 75 74 75 74 75 73 72 72 72 71 71 70 69 69 72 68 68 67 67 65 56 42 42 46 49 48 48 48 48 48 48 47 47 46 46 46 46 46 46 46 46 45 45 45 46 45 45 45 43 42 42 44 43 42
camera 80 41 43 43 44 43 45 44 45 44 46 45 46 45 46 45 46 45 47 47 48 47 49 48 49 49 49 48 49 49 50 49 49 46 41 40 51 64 68 68 69 69 69 69 69 70 69 69 69 70 71 70 71 70 71 71 72 72 72 72 74 73 74 73 74 73 74 74 74 73 75 74 74 73 74 73 72 73 73 72 71 72 70 70 69 70 70 68 69 68 68 67 67 66 66 65 65 62 51 40 41 47 49 48 49 47 47 47 47 46 47 47 46 45 46 45 48 45 46 45 46 45 45 44 45 43 43 42
camera 80 42 44 43 44 44 45 44 46 45 46 45 47 46 47 46 47 47 48 47 48 48 49 49 49 48 48 42 39 38 49 61 66 67 68 68 68 67 70 68 69 68 69 68 70 69 67 69 70 71 72 71 71 71 71 72 72 72 72 73 74 73 74 73 74 72 74 74 74 74 76 75 75 74 75 74 74 74 75 72 72 73 71 71 71 71 70 69 69 69 69 68 68 66 66 66 66 65 66 64 64 63 57 43 39 41 47 48 48 47 47 47 47 46 47 47 46 45 46 45 46 45 46 45 44 43 44 42
camera 81 42 45 44 45 43 46 44 45 45 46 45 46 45 46 45 47 46 48 47 48 45 40 37 38 44 59 63 66 65 66 65 66 67 67 67 68 67 68 67 67 67 68 67 68 69 69 69 69 69 70 70 70 70 70 70 72 71 71 71 72 71 72 72 74 71 73 73 73 71 73 74 76 74 74 74 74 74 75 73 73 73 71 71 70 70 70 69 68 68 68 67 67 66 67 66 65 65 65 65 64 64 64 63 62 61 61 59 46 40 40 43 47 46 47 47 46 46 47 46 46 45 46 44 44 44 44 43
camera 79 42 44 44 45 45 46 44 45 45 46 46 47 46 47 46 48 42 39 38 39 44 60 62 64 62 66 65 66 65 67 65 66 66 69 66 67 67 67 67 68 68 68 68 69 64 48 41 41 40 41 40 41 40 41 41 42 42 43 44 46 47 52 67 73 72 74 73 73 72 74 73 74 74 76 75 75 75 74 72 72 72 72 71 71 70 70 69 70 68 68 68 68 67 67 67 66 66 65 65 64 64 65 64 63 63 62 62 62 61 61 61 59 46 41 39 41 45 47 46 46 45 47 45 45 44 44 42
camera 81 42 45 45 46 45 46 45 46 45 47 46 47 41 38 37 38 40 55 61 62 62 64 63 64 63 65 65 65 64 66 65 66 66 66 66 67 66 67 68 68 68 68 68 68 69 68 69 69 69 69 69 71 69 70 69 70 70 70 69 69 67 67 70 72 71 73 73 73 72 73 74 73 72 73 72 55 42 42 42 42 41 41 41 41 41 42 43 45 46 49 51 53 56 64 65 66 65 65 65 65 64 64 62 63 62 62 62 63 61 62 60 61 60 60 59 58 43 40 38 41 44 46 45 45 43 43 43
camera 81 43 45 44 46 45 47 45 47 43 39 36 38 37 44 56 60 60 62 62 62 63 64 63 63 62 65 65 65 65 65 65 65 66 66 66 67 66 67 66 68 67 68 66 68 68 68 68 69 69 69 68 70 69 69 70 70 70 70 71 71 71 71 71 72 72 73 73 73 72 74 74 74 74 75 76 75 74 75 72 71 70 67 64 61 58 55 52 49 45 45 42 43 41 41 44 61 65 65 64 63 64 64 63 64 63 62 62 61 60 61 60 61 59 60 59 60 58 59 56 46 39 39 39 43 44 45 44
camera 80 43 46 45 46 45 47 45 41 37 38 37 39 47 58 60 61 61 62 62 62 63 64 64 64 62 64 65 65 65 66 65 65 66 66 66 67 66 68 66 68 67 68 67 69 69 69 69 70 69 70 69 70 69 70 70 71 71 71 70 72 71 72 72 74 72 74 73 73 72 73 75 74 75 76 78 78 77 75 74 73 73 72 70 70 70 69 69 68 68 68 66 64 60 58 54 51 52 62 63 65 64 65 64 64 64 62 63 63 61 63 62 62 60 61 60 60 59 59 59 59 57 50 40 39 38 41 42
camera 80 42 44 44 45 44 46 45 46 41 38 37 38 37 43 55 59 60 60 61 62 62 63 63 64 62 64 64 65 65 65 65 65 65 66 66 66 67 67 66 67 67 67 67 68 68 68 68 68 69 70 68 70 68 69 69 69 70 71 70 71 70 71 71 72 71 72 72 72 71 73 73 73 73 75 76 77 78 76 74 73 73 71 71 70 70 70 68 70 68 68 67 66 63 61 56 52 48 46 42 51 61 64 63 62 62 64 62 62 61 62 61 61 60 61 60 59 59 60 58 57 57 57 56 55 46 40 38
camera 80 42 44 44 45 45 46 46 46 46 47 46 46 40 38 37 37 38 48 59 62 62 63 63 63 61 65 64 66 65 66 64 65 65 66 65 67 66 67 66 68 67 68 66 69 68 69 69 70 69 70 68 70 69 70 70 71 70 70 69 72 71 72 71 73 71 72 72 72 71 73 73 73 73 74 75 75 77 78 78 76 76 73 73 72 72 71 70 70 69 69 68 66 63 59 55 49 44 42 40 41 40 40 40 55 62 63 62 63 62 62 61 62 61 65 61 60 60 60 58 59 58 59 57 56 55 55 54
camera 80 42 44 43 45 44 45 44 46 45 47 45 46 46 47 45 45 39 40 37 38 40 53 60 62 61 64 63 64 64 65 64 65 66 66 66 67 66 67 67 67 66 67 67 68 67 68 68 69 68 68 69 70 68 69 70 70 70 70 71 71 71 71 70 71 71 72 72 72 70 72 72 72 72 73 73 73 74 74 74 75 78 77 75 73 73 72 71 71 69 68 65 60 53 49 43 42 40 41 39 41 40 41 39 41 41 45 48 56 61 64 62 62 61 61 61 61 60 60 59 60 59 59 58 57 55 54 53
camera 80 41 43 42 44 43 46 44 45 44 45 44 46 45 47 45 47 46 47 44 40 37 38 38 40 49 60 62 64 62 63 64 65 66 66 65 67 65 67 65 67 65 67 66 67 67 68 67 68 69 69 68 70 69 69 69 70 70 70 70 71 70 71 71 72 69 71 71 71 70 72 71 71 70 72 71 74 72 73 73 73 74 74 75 75 76 74 72 72 70 70 69 68 52 43 41 41 40 41 40 40 41 46 50 57 61 64 63 65 62 64 63 63 61 62 61 60 60 60 60 60 59 59 57 57 56 55 53
camera 81 41 44 43 44 43 45 43 45 44 45 45 46 45 46 45 45 46 47 46 47 47 46 40 38 37 39 38 45 56 63 63 65 65 65 65 66 65 66 66 67 67 68 67 68 68 68 67 67 68 69 67 69 69 70 70 70 69 70 69 71 70 71 71 72 70 71 71 72 70 71 72 72 71 72 73 72 72 73 72 72 73 73 74 73 73 74 73 74 72 72 71 71 69 70 69 69 67 52 46 52 59 65 66 66 66 65 66 65 64 64 64 63 62 63 62 61 61 62 60 60 59 60 58 58 57 56 54
camera 83 41 43 43 44 44 44 44 45 44 44 44 45 46 45 44 45 45 46 46 47 46 47 46 46 45 43 39 39 37 39 38 47 59 64 63 65 65 65 65 65 66 67 66 67 67 67 67 67 67 68 67 69 68 69 68 70 68 70 69 71 69 70 70 71 69 70 70 70 70 71 71 70 70 70 71 70 71 71 71 71 72 71 70 70 70 70 70 71 70 72 70 71 70 70 69 68 68 68 67 67 67 67 67 66 66 66 65 65 64 65 65 64 62 63 61 62 61 62 60 61 59 60 59 58 57 55 54
camera 83 40 42 42 44 42 44 43 44 44 45 44 45 44 46 45 45 45 47 46 47 45 47 46 46 46 47 46 46 42 39 38 38 38 39 44 57 63 65 64 66 65 67 66 67 67 67 67 69 68 69 68 69 68 69 68 69 69 69 69 70 70 70 70 71 69 71 72 71 70 71 71 71 70 70 70 71 71 72 70 71 71 70 70 71 71 70 70 69 61 51 44 45 61 69 70 70 69 69 68 69 69 68 68 68 67 67 66 67 65 66 65 66 64 65 63 63 62 62 62 62 60 60 60 58 58 57 55
camera 84 40 42 42 43 42 44 43 44 42 44 43 45 43 44 43 45 44 45 45 44 45 47 46 46 46 46 46 47 46 47 46 43 39 38 38 40 38 42 52 62 63 65 65 66 66 67 66 67 67 68 68 68 68 68 68 69 69 68 69 69 69 70 69 70 69 70 70 70 69 71 69 70 70 70 70 70 70 71 71 70 71 70 70 69 70 70 70 70 67 57 45 41 40 40 40 48 59 67 67 68 67 68 67 67 67 67 66 67 66 67 66 66 64 65 64 64 63 63 64 63 61 61 60 58 58 57 54
camera 83 39 42 41 44 42 42 42 43 43 45 43 43 43 44 42 44 44 45 44 44 45 46 45 46 45 46 45 47 46 47 45 47 47 47 43 41 37 39 38 39 41 51 60 64 65 66 66 66 66 67 66 68 68 68 68 68 68 69 69 70 69 69 68 70 68 69 69 69 68 69 70 69 69 69 69 69 70 70 70 70 70 69 70 69 70 70 68 70 69 68 57 46 41 40 40 43 52 64 67 68 66 67 67 68 67 67 66 67 65 66 65 65 65 66 65 64 63 64 63 62 62 62 61 59 59 57 55
camera 82 40 42 41 46 42 43 42 43 44 43 43 45 43 44 44 44 43 45 44 45 44 46 45 46 45 47 46 47 46 47 47 47 47 47 47 47 44 41 37 39 38 40 39 46 56 64 65 66 66 67 67 68 67 68 68 69 68 68 68 69 70 70 70 70 68 70 70 70 68 70 70 70 70 70 69 70 69 70 69 69 70 69 69 69 70 69 69 70 69 68 67 61 47 42 40 41 42 52 63 67 68 68 67 68 67 68 67 68 66 66 66 66 65 66 65 64 63 65 64 64 63 63 62 60 59 58 56
camera 79 40 42 41 42 42 44 42 43 43 44 42 44 42 43 43 44 44 45 45 46 45 45 45 45 45 45 45 46 46 47 45 46 46 46 46 47 45 45 41 39 38 39 38 39 41 51 59 65 65 66 65 66 66 67 67 67 66 68 68 69 69 69 68 69 68 68 68 68 68 68 69 68 68 68 69 69 68 69 68 70 69 68 68 68 68 68 68 68 68 68 67 67 64 54 43 41 41 42 47 61 66 67 67 67 66 66 65 67 66 67 66 65 63 65 64 65 63 64 62 63 62 62 61 60 59 58 56
camera 78 40 42 41 43 42 43 42 43 43 45 43 44 43 44 43 44 44 46 45 46 45 46 45 46 45 45 45 46 45 47 46 47 47 47 47 47 45 46 44 41 38 39 38 39 38 41 49 59 64 66 66 67 67 67 67 67 67 67 68 70 70 68 69 70 69 70 70 69 68 69 69 69 69 70 69 69 69 70 69 70 70 69 69 68 69 69 68 68 68 69 68 68 68 66 57 46 40 40 41 46 59 66 67 67 68 66 66 66 65 66 66 67 66 66 64 64 64 66 64 64 61 62 61 60 59 59 57
camera 78 40 42 41 43 42 43 42 43 43 43 43 43 43 43 43 44 44 45 44 45 44 46 46 47 45 46 45 47 44 47 46 47 46 48 46 48 46 47 44 42 39 39 37 39 39 40 44 54 62 65 65 66 67 66 66 67 67 67 67 69 67 68 68 69 68 70 69 69 67 68 68 67 68 69 69 69 69 70 69 69 68 68 68 67 68 68 67 69 68 68 67 68 66 67 66 57 45 42 40 41 46 58 66 66 66 66 66 66 65 66 66 65 65 65 65 65 64 64 64 65 62 62 61 59 59 58 56
camera 78 40 42 42 43 42 43 41 43 42 44 43 43 42 43 44 44 44 44 44 45 45 45 46 46 45 46 45 47 45 47 45 47 47 47 47 48 46 46 43 41 38 39 38 39 38 41 47 57 63 65 65 66 66 66 66 67 67 68 67 69 67 68 68 69 68 70 69 69 68 69 68 68 68 68 68 68 68 69 69 69 69 68 68 68 67 68 68 68 68 68 67 68 67 68 66 62 49 43 40 41 43 53 64 67 66 66 66 66 64 65 66 66 64 65 65 64 64 64 63 64 61 62 60 60 58 58 56
camera 78 39 42 42 42 42 43 42 44 43 43 43 44 43 43 43 44 43 45 44 46 45 47 46 46 44 46 45 46 45 47 46 47 47 48 47 47 47 46 43 41 39 39 38 39 39 44 53 62 64 66 66 66 66 67 67 68 67 68 68 68 68 69 69 70 69 70 69 69 68 69 69 69 69 69 68 70 70 70 69 69 69 69 68 69 68 69 68 69 68 69 68 67 67 67 64 53 43 40 40 42 50 62 67 67 67 67 66 67 65 66 66 67 65 65 64 65 64 65 63 64 62 62 61 60 59 59 57
camera 80 40 42 41 43 41 42 42 43 42 43 42 44 43 45 43 44 43 45 43 45 44 44 44 45 44 46 45 46 46 46 46 47 47 47 47 48 44 42 39 39 38 39 38 47 56 64 65 65 65 66 66 67 66 66 67 68 67 68 68 69 68 69 68 69 67 69 69 68 67 70 69 69 68 69 69 69 69 70 69 69 70 68 68 68 69 68 68 68 69 68 68 68 62 52 43 41 39 41 45 56 64 67 67 67 66 66 66 67 66 66 66 66 65 65 65 65 64 65 63 63 62 62 60 59 59 58 56
camera 81 41 43 42 43 42 44 42 44 43 44 43 45 43 45 44 45 45 46 46 47 46 48 46 47 46 47 46 47 47 48 46 48 45 41 38 38 38 38 40 53 62 65 64 67 67 67 66 68 68 68 67 69 69 68 69 69 68 69 69 70 69 70 70 70 69 70 70 70 69 70 70 70 70 70 70 71 70 71 69 70 70 69 69 69 70 70 69 71 69 66 59 49 41 41 42 49 65 68 68 68 68 68 69 68 67 67 67 67 66 66 66 66 65 64 64 65 63 64 62 63 61 60 60 58 58 57 56
camera 86 42 43 43 44 43 45 43 44 43 44 44 47 44 45 45 46 45 47 46 47 47 47 46 48 47 48 46 40 38 39 38 40 48 60 64 65 64 66 65 66 66 67 66 68 67 68 68 68 68 69 68 69 69 69 68 69 69 69 70 71 70 71 70 71 70 70 71 70 70 71 71 71 70 72 70 71 70 71 70 71 72 71 71 70 70 70 71 71 71 71 70 71 69 70 69 69 68 69 68 67 66 67 66 66 65 66 65 66 64 64 64 64 63 62 62 62 60 62 60 60 59 60 58 57 56 56 54
camera 81 42 43 43 44 43 45 43 45 44 46 45 47 45 47 46 46 47 48 47 45 39 38 38 38 44 58 62 64 64 64 63 64 66 66 66 67 66 67 66 68 67 67 66 68 67 68 67 70 68 69 68 69 68 69 70 70 70 70 70 71 70 71 70 71 70 71 71 71 70 72 72 71 71 71 71 72 73 73 72 73 74 73 74 73 72 71 70 71 70 70 66 60 53 47 43 42 40 41 40 40 40 40 40 41 40 44 48 53 56 61 62 62 60 62 61 61 60 61 59 60 59 59 57 57 56 54 53
camera 79 42 44 43 45 44 47 46 46 46 47 46 47 47 47 44 39 37 38 38 49 60 63 62 64 62 65 65 65 64 66 65 66 65 67 66 67 66 67 66 67 68 68 67 69 69 69 68 69 69 69 69 70 69 70 70 70 70 71 70 72 71 72 71 72 70 71 72 73 71 73 74 73 73 74 74 75 75 75 74 73 74 71 72 71 71 70 69 69 69 69 67 66 64 62 60 58 53 52 49 47 55 63 64 64 64 63 63 63 61 62 61 62 59 61 60 61 59 60 58 59 57 58 56 56 55 53 43
camera 80 42 45 44 46 45 46 45 47 41 40 37 38 42 56 59 61 60 63 62 63 62 64 63 64 63 65 64 65 63 65 64 66 66 67 66 67 67 67 67 68 67 67 67 68 68 68 68 68 69 69 69 70 70 70 70 70 70 71 71 72 71 72 72 73 72 72 73 74 72 74 74 74 75 76 74 73 72 72 71 70 71 70 69 69 69 69 67 68 67 67 66 66 65 65 64 65 65 65 63 63 63 63 63 62 61 61 61 61 60 61 60 60 58 59 58 58 57 55 42 40 38 40 41 44 44 45 43
camera 59 38 38 37 39 45 57 58 60 59 60 60 61 61 61 60 62 62 63 62 64 63 64 62 64 61 65 65 66 65 66 57 44 39 40 39 41 40 42 42 44 45 48 49 53 54 57 59 62 64 66 68 71 71 72 72 72 72 71 73 73 73 74 75 75 74 76 77 77 76 76 75 74 72 73 72 72 71 72 70 70 70 68 68 68 68 68 66 67 66 66 65 66 64 65 64 65 64 64 62 64 62 62 61 61 61 60 60 60 58 58 53 42 38 39 38 42 43 42 40 39 37 38 36 36 36 37 38
camera 65 54 56 58 59 58 60 59 60 59 60 59 61 60 61 61 62 62 63 62 64 63 64 64 65 63 65 64 66 64 65 63 62 58 55 51 48 44 43 40 40 40 41 40 52 67 69 69 70 70 71 71 72 71 72 72 72 72 72 73 75 75 76 77 77 75 75 75 74 72 72 72 71 70 71 70 70 70 69 69 69 68 67 66 67 66 67 65 66 65 65 65 64 63 63 62 64 62 62 61 61 60 60 59 58 48 40 39 38 38 38 38 37 36 38 38 38 37 38 37 37 37 37 37 37 37 37 36
camera 66 55 56 57 58 58 60 59 60 59 60 60 61 60 62 61 61 62 62 63 64 63 65 64 65 63 65 65 66 65 67 66 67 67 68 67 69 67 68 67 69 69 69 69 70 70 70 69 71 71 72 71 68 50 47 52 60 67 71 73 74 74 74 73 74 72 72 72 71 69 71 70 70 69 69 69 69 69 68 67 67 67 67 66 66 65 65 64 65 63 64 63 63 61 62 61 61 60 59 50 42 37 37 36 38 36 39 37 38 37 37 37 37 37 38 36 37 36 37 36 37 36 37 37 40 41 41 40
camera 88 55 57 57 59 59 60 59 60 60 61 61 62 61 62 61 62 62 64 63 64 64 66 64 65 64 66 65 67 66 69 67 68 68 69 68 69 68 70 68 70 69 71 70 71 71 69 53 43 40 41 41 41 42 47 55 65 70 72 73 74 73 72 72 72 69 71 71 70 69 70 69 69 66 69 68 68 68 69 67 67 66 66 65 65 65 65 63 64 62 63 61 61 59 55 42 39 37 38 36 38 37 39 37 38 37 37 36 37 36 37 36 36 36 37 36 36 36 38 40 43 42 43 43 42 42 41 40
camera 90 54 57 57 60 59 60 58 60 59 60 60 61 60 62 61 62 61 64 63 65 65 65 65 65 63 66 65 66 66 67 66 67 68 68 68 68 68 69 68 69 70 69 63 56 48 44 44 41 40 41 41 42 43 51 59 67 70 72 71 72 71 71 69 70 68 70 69 70 67 69 68 68 67 68 67 68 66 66 65 65 65 64 64 63 62 62 62 61 60 55 44 38 37 37 37 38 37 38 37 37 37 37 36 38 36 37 36 36 36 37 36 37 36 37 37 40 42 44 43 43 42 43 42 42 41 41 39
camera 90 54 56 57 59 59 60 60 60 60 60 61 62 60 62 62 63 63 64 64 65 66 66 65 66 65 67 66 67 65 67 67 68 68 69 69 70 68 70 69 70 70 72 70 66 55 48 42 41 40 42 40 42 43 52 61 69 71 71 70 71 70 71 70 71 69 70 69 69 69 69 69 68 67 67 67 66 67 66 66 65 65 64 63 62 62 61 54 44 38 38 36 37 36 38 37 37 37 38 36 37 35 37 36 37 36 37 35 37 35 37 35 36 37 41 42 44 43 44 42 43 42 42 42 41 42 41 40
camera 90 55 57 57 59 58 60 59 60 60 61 61 62 61 62 62 62 63 64 63 64 63 66 65 66 64 67 66 67 66 67 67 68 68 69 68 70 68 70 69 70 70 71 70 68 60 51 43 40 40 41 40 42 45 55 63 69 70 70 69 70 69 70 69 69 68 69 68 68 66 68 67 68 66 67 66 66 65 65 64 65 64 62 61 59 50 42 37 38 36 37 37 38 36 37 37 36 36 37 36 36 36 36 36 36 36 36 36 36 36 37 37 41 42 43 43 43 43 43 42 43 42 42 41 41 40 40 39
camera 73 55 56 58 59 59 61 60 60 60 60 61 62 61 62 62 62 62 63 64 64 65 66 65 66 64 66 66 67 66 68 68 69 69 70 69 70 70 70 69 71 70 72 70 70 62 53 44 42 40 42 41 42 46 60 68 70 68 70 70 70 69 69 69 70 67 68 68 68 66 67 67 67 65 66 65 65 65 65 63 63 63 60 53 43 37 38 36 37 37 38 37 38 37 37 37 37 36 37 36 37 37 37 36 37 36 36 35 36 35 39 42 44 42 43 42 42 41 43 42 43 41 42 40 40 39 40 38
camera 68 55 58 58 59 59 60 58 61 60 61 61 63 62 62 62 62 63 64 64 65 65 66 67 66 65 68 67 68 67 68 68 69 69 69 70 70 70 70 70 71 71 73 71 71 64 54 45 41 40 40 40 42 48 65 69 70 69 71 70 70 69 69 69 70 68 69 68 68 67 67 68 67 66 67 65 66 65 65 63 62 62 56 45 39 37 37 36 38 37 37 37 38 36 37 36 40 36 36 36 37 36 36 36 37 35 36 35 37 36 41 43 44 42 44 43 44 42 43 42 42 41 42 40 40 39 39 38
camera 67 54 57 57 59 58 61 59 60 59 61 60 62 61 62 62 63 61 63 62 64 64 66 65 65 64 67 65 67 66 68 67 68 69 69 68 69 69 71 69 71 70 70 70 72 69 61 51 45 40 41 41 41 41 49 64 69 69 69 69 70 69 69 68 69 68 68 68 68 66 67 67 66 65 66 65 65 64 65 63 63 62 60 52 43 37 38 36 37 37 37 36 38 37 38 36 37 36 37 35 37 36 37 36 36 35 36 36 36 36 38 42 43 42 44 43 43 42 42 42 42 43 41 41 40 39 39 38
camera 70 54 57 57 59 59 60 59 60 60 61 61 61 61 62 62 63 63 64 63 65 64 66 65 66 64 67 66 68 66 68 68 68 68 69 69 70 69 69 69 71 71 72 70 72 72 71 71 67 57 48 42 41 40 40 40 43 54 68 70 71 70 70 70 71 69 70 70 69 68 68 68 68 66 67 65 66 66 67 65 65 64 64 62 61 53 43 37 38 37 37 37 38 37 39 36 37 37 37 35 37 36 38 36 36 36 36 36 37 35 36 37 40 42 43 44 43 42 42 42 42 41 42 42 41 40 40 39
camera 90 54 57 57 59 58 60 59 61 60 61 59 61 60 62 62 63 62 64 63 64 64 66 65 66 64 67 66 67 65 67 67 68 68 69 68 69 69 70 69 70 70 71 69 71 71 72 71 71 72 72 72 69 61 52 45 42 41 41 40 42 45 63 69 71 69 70 69 70 67 69 68 68 67 68 67 67 67 67 66 66 65 65 64 63 63 62 61 59 48 41 38 37 36 37 37 37 37 38 36 37 37 37 36 36 36 37 35 37 36 37 36 36 36 37 36 39 42 44 43 44 42 43 41 41 41 41 41
camera 89 55 57 57 59 59 60 59 59 59 59 59 61 61 62 61 62 62 64 64 64 63 65 64 65 63 66 65 67 65 67 67 68 68 69 68 68 68 69 68 70 69 70 69 70 70 71 70 72 71 72 72 74 72 73 73 72 71 69 61 55 47 44 41 41 41 42 52 67 69 70 69 68 68 69 69 68 68 68 67 67 67 66 64 65 65 65 63 64 62 63 60 61 55 45 39 39 38 40 40 40 36 37 37 39 36 37 37 37 36 37 36 38 36 37 36 37 36 37 36 37 36 40 40 42 42 42 40
camera 52 36 39 46 57 58 60 59 60 59 61 61 66 61 62 62 62 62 64 63 63 64 65 65 65 64 67 66 66 66 67 67 67 68 69 68 70 68 69 68 70 69 70 69 71 70 71 71 71 71 72 71 72 72 73 72 73 73 74 74 75 74 74 73 75 71 69 65 60 53 49 44 43 51 67 69 70 69 69 68 68 69 67 67 66 66 66 66 66 65 65 64 64 63 63 66 62 61 55 43 40 38 40 41 45 45 45 41 41 38 38 36 37 37 37 37 37 37 37 37 37 36 37 36 36 36 37 36
camera 55 43 44 45 46 45 47 46 44 39 37 38 49 58 61 61 62 62 61 63 64 64 65 65 65 63 65 65 65 65 66 66 66 66 68 67 68 67 68 67 69 68 70 68 69 69 70 69 70 70 71 70 72 70 71 71 72 71 72 73 74 73 73 74 74 73 73 74 74 72 73 74 73 71 71 71 70 69 68 66 67 69 68 68 67 66 67 66 67 66 67 65 65 64 64 63 64 62 64 62 62 61 61 58 49 40 39 38 41 44 46 45 45 44 46 44 45 44 44 42 39 37 36 36 36 36 37 36
camera 58 43 45 44 46 44 47 45 48 46 47 46 47 46 47 47 45 40 39 39 48 60 64 64 65 64 66 65 67 66 67 66 66 67 67 67 68 68 69 68 69 69 69 69 70 70 70 70 72 71 71 70 71 70 71 71 73 71 72 72 74 72 73 72 75 73 74 74 74 73 74 74 74 73 74 74 73 74 73 72 71 71 70 70 69 69 69 68 68 68 68 66 66 66 66 65 65 65 64 64 64 64 63 62 62 61 61 61 61 57 47 39 40 38 43 45 47 46 47 45 46 44 45 44 44 43 43 42
camera 81 42 44 43 45 44 45 44 44 45 46 45 47 46 47 46 46 47 48 51 45 39 39 39 48 59 64 63 65 65 66 66 67 67 67 66 68 66 68 68 69 67 68 67 69 69 69 69 70 70 70 70 71 70 70 71 71 71 71 72 72 72 72 73 73 71 73 74 73 72 73 74 74 74 74 74 74 74 74 73 73 73 71 70 71 70 71 69 69 68 68 67 68 66 67 66 66 65 67 64 65 64 64 64 64 62 63 62 62 61 61 60 60 58 48 39 39 39 44 46 47 45 46 45 45 44 44 43
camera 80 41 44 43 45 43 45 45 46 45 46 44 46 45 46 46 47 46 47 46 48 47 49 46 41 38 39 42 57 64 64 65 66 66 67 68 68 67 68 67 68 67 68 68 69 69 69 69 69 69 70 70 71 70 71 70 71 70 71 70 72 72 73 71 73 71 73 72 72 71 73 73 72 72 73 74 74 75 74 74 73 73 73 73 72 72 71 70 71 68 70 68 68 67 68 67 67 66 66 65 65 65 65 64 64 65 63 63 62 61 62 61 61 59 60 60 59 55 44 39 39 41 46 44 45 44 44 43
camera 80 42 44 43 44 44 47 45 46 45 46 46 46 46 46 46 47 45 47 46 48 48 49 48 49 48 45 40 39 39 50 62 66 66 67 67 68 67 69 68 69 69 69 68 69 69 69 69 69 69 71 70 71 70 71 71 71 71 72 72 73 72 72 71 73 71 72 74 74 72 73 74 74 73 73 73 74 74 76 74 74 75 73 73 73 73 73 72 72 71 71 69 70 68 69 67 68 67 66 66 66 65 65 66 65 65 65 64 64 62 63 62 62 61 61 60 60 60 60 59 55 42 40 39 41 43 45 44
camera 82 41 43 43 44 43 45 44 46 45 45 45 46 46 46 46 46 46 47 46 48 48 48 47 48 47 47 44 39 39 45 59 64 66 67 67 67 67 68 67 68 68 69 65 68 68 68 68 70 69 70 69 70 69 70 70 71 70 71 70 71 71 72 71 72 71 72 73 73 71 72 73 72 73 73 73 73 74 74 74 73 74 73 73 72 72 72 71 71 70 70 68 69 68 68 67 68 67 66 65 65 65 65 64 65 64 64 62 64 62 62 61 62 60 61 60 60 59 59 58 49 40 39 40 43 45 44 43
camera 78 41 44 43 45 44 45 44 45 45 47 45 46 44 46 46 47 46 48 47 48 47 49 48 48 42 39 38 41 54 64 66 66 67 67 68 69 69 68 67 69 68 68 68 69 70 69 69 70 70 70 70 71 71 71 71 71 71 71 71 73 72 73 72 73 72 74 73 73 71 73 74 73 73 73 74 75 74 75 74 73 74 73 73 72 73 72 71 70 70 70 69 69 69 68 67 67 67 67 66 66 66 65 65 65 65 64 63 64 62 62 62 61 60 60 60 60 57 47 40 39 40 45 45 46 44 45 43
camera 82 42 45 44 45 44 46 44 45 45 46 45 46 45 47 46 47 46 48 47 48 44 40 38 39 47 61 64 66 66 66 66 66 67 67 67 68 68 68 67 68 68 68 68 69 70 69 69 70 70 70 69 71 70 71 70 71 71 72 71 72 71 72 72 73 72 73 73 73 71 73 73 74 74 74 74 74 74 74 73 72 73 72 72 71 72 71 69 69 68 68 67 67 67 66 66 66 66 65 65 64 65 65 64 64 63 62 62 62 60 62 61 61 60 59 53 42 39 40 43 46 45 46 45 45 43 44 43
camera 78 42 45 43 45 44 46 45 45 45 47 46 46 46 47 46 47 45 41 38 39 41 55 62 63 63 65 64 66 65 66 66 66 67 67 66 68 67 67 66 68 67 68 66 69 69 69 69 69 70 71 69 71 70 71 71 72 71 72 72 72 71 73 72 74 72 73 73 73 72 73 73 73 73 74 75 74 73 73 72 72 72 71 71 70 71 70 68 68 68 69 67 68 66 66 65 66 65 66 65 64 64 64 64 64 63 62 61 62 60 61 61 61 59 57 44 40 38 41 44 46 45 46 46 45 44 44 43
camera 80 42 44 42 45 44 45 45 46 45 47 45 47 46 46 47 48 46 41 37 39 40 55 62 64 63 66 65 66 65 65 66 67 67 68 67 68 67 67 67 68 68 69 69 69 69 69 69 70 70 71 70 72 71 72 71 72 72 72 72 73 72 75 73 74 72 73 73 73 72 75 74 74 73 75 74 75 74 74 73 72 72 71 71 70 71 69 69 69 68 69 68 68 67 66 66 66 66 66 65 65 64 64 64 64 63 62 62 62 61 62 61 61 59 60 52 41 39 41 42 46 46 46 45 45 44 46 43
camera 80 42 44 42 44 44 46 44 46 46 46 45 46 45 47 46 47 46 41 38 38 40 55 60 64 62 65 64 65 65 66 66 66 66 67 67 68 66 67 66 68 67 68 67 70 69 69 68 69 69 70 70 70 70 71 71 71 71 71 71 72 72 73 73 73 71 72 73 72 72 73 74 73 73 74 73 74 73 73 72 71 72 70 70 70 70 70 68 69 67 67 67 68 66 66 65 66 65 65 63 64 64 64 63 64 63 62 61 62 61 64 61 61 59 60 55 43 39 39 41 45 45 46 45 45 44 43 43
camera 82 42 45 44 45 44 45 44 46 45 47 45 47 46 47 46 47 45 41 38 39 41 56 62 64 62 66 65 66 65 67 67 67 67 67 67 67 67 68 68 68 67 69 68 69 69 69 69 70 70 71 70 71 70 72 71 72 72 73 72 73 72 74 72 74 72 73 74 73 73 73 74 74 72 74 75 74 74 75 73 72 71 71 71 70 71 71 69 69 69 68 68 68 66 66 66 66 65 66 65 65 64 64 64 64 63 63 61 62 61 61 61 60 60 59 51 41 40 40 43 46 46 46 45 45 44 44 43
camera 81 41 44 43 45 44 46 44 46 45 46 45 48 46 47 47 47 44 40 38 40 42 56 62 64 63 66 65 66 65 66 66 66 67 67 67 67 66 67 66 68 68 69 68 69 69 69 69 69 70 70 69 71 71 71 70 71 71 71 72 73 72 73 71 73 71 73 73 74 72 73 72 73 73 74 74 74 73 73 73 72 72 70 70 69 70 69 70 69 68 68 67 66 66 67 65 66 65 65 64 64 64 64 66 63 63 62 62 62 61 61 61 61 59 59 49 41 39 40 43 46 45 46 44 45 44 44 43
camera 82 42 44 44 44 44 46 43 46 45 47 45 47 46 47 46 47 44 41 38 39 41 56 61 64 62 65 65 66 65 67 66 66 67 67 67 67 67 67 67 68 68 68 68 69 69 69 70 69 70 70 70 71 70 71 72 71 72 72 72 73 72 73 73 73 72 73 73 73 72 73 73 74 74 74 74 74 73 74 72 71 72 72 71 70 70 70 69 69 68 69 67 67 65 66 65 66 66 65 64 64 64 64 64 64 62 62 61 62 61 61 60 61 59 59 48 41 40 40 43 46 46 46 45 45 45 45 43
camera 81 43 44 44 44 45 46 44 46 45 47 46 47 46 47 47 47 45 40 38 39 41 56 62 64 63 66 65 66 66 67 66 66 67 67 67 67 66 68 67 69 68 69 68 70 69 69 69 69 70 71 71 72 71 71 71 72 72 72 73 73 72 73 73 73 72 73 73 74 72 73 74 74 74 75 75 74 74 74 73 72 73 71 71 70 71 71 69 70 68 68 68 68 67 67 66 66 66 66 65 65 65 65 64 64 63 62 62 62 61 61 60 61 60 59 49 40 38 40 43 46 45 46 45 45 44 45 43
camera 79 42 44 43 44 44 46 44 46 45 46 45 47 45 47 46 47 45 41 38 39 40 55 62 63 62 65 65 65 64 66 65 66 67 67 67 67 66 67 67 68 67 68 67 68 69 69 68 69 70 70 70 71 71 71 71 71 71 71 71 72 72 72 72 74 71 73 73 73 71 73 73 75 73 74 74 73 73 73 72 72 72 71 70 70 70 69 68 68 68 68 66 67 66 66 66 66 66 65 64 65 64 64 64 64 62 62 61 62 61 61 60 61 59 59 48 41 38 40 43 47 46 46 45 45 44 44 43
camera 79 42 45 43 44 44 46 45 45 45 47 46 47 46 47 47 46 45 40 38 39 41 56 62 65 63 66 66 66 65 67 66 67 68 68 67 67 67 68 67 68 68 69 69 70 69 69 69 69 70 71 70 71 71 71 71 72 72 73 71 73 73 73 73 74 72 73 73 73 72 75 74 74 74 75 75 74 74 73 72 72 73 72 71 71 71 71 69 70 68 69 68 68 67 67 66 67 66 66 64 65 64 68 64 64 63 62 63 62 61 60 61 61 60 59 49 41 39 40 44 47 45 46 45 45 44 45 43
camera 81 43 44 43 44 44 46 44 46 45 47 46 48 46 47 46 48 45 41 38 39 41 56 61 64 62 65 65 67 65 67 66 66 67 67 66 67 66 67 68 68 68 69 68 69 68 69 70 69 70 71 70 71 70 71 71 72 71 71 72 72 72 73 73 73 71 73 73 73 72 73 73 74 73 74 75 75 73 74 72 71 72 70 71 71 70 70 69 69 68 67 67 67 66 67 67 66 65 65 65 64 64 64 65 64 63 62 62 62 61 61 60 61 59 59 49 41 39 40 43 47 46 45 45 45 44 45 43
camera 80 42 44 43 45 44 46 45 46 45 47 46 47 46 47 47 47 46 41 38 39 41 56 62 64 64 65 65 66 65 66 66 66 68 67 67 67 66 67 67 68 67 69 68 69 69 69 69 69 69 71 69 71 70 71 71 71 71 72 71 72 72 74 73 73 72 73 73 72 72 74 73 74 74 75 74 74 73 73 72 72 73 71 71 70 71 69 69 69 68 68 67 68 66 66 66 66 65 65 64 64 64 64 64 64 62 62 62 62 61 62 61 61 58 59 49 41 39 40 43 47 46 46 45 44 44 44 43
camera 81 42 44 44 44 44 47 45 46 45 47 46 47 46 47 47 48 45 41 37 39 41 56 63 65 63 66 65 66 66 67 67 67 67 68 67 68 67 68 67 68 68 69 69 69 70 70 69 69 70 71 70 72 71 71 71 72 72 72 72 73 72 73 73 74 72 74 72 73 72 73 74 75 74 75 74 74 74 75 73 72 72 72 71 71 71 70 69 69 68 69 68 68 67 67 66 66 66 66 66 65 64 64 64 64 63 63 63 63 61 61 61 60 59 60 49 41 39 40 44 47 46 46 45 45 44 44 43
camera 82 43 44 43 44 44 45 45 46 46 47 46 46 45 46 46 47 45 40 38 39 41 55 61 63 62 65 65 66 65 66 66 66 66 67 66 67 66 68 66 68 67 68 67 68 68 69 69 69 70 71 70 72 70 71 70 71 70 71 72 71 72 73 72 73 72 73 73 72 71 73 74 73 73 74 74 74 73 73 71 72 72 70 70 71 70 70 68 69 68 68 66 67 66 66 66 66 65 65 64 65 64 64 63 63 63 62 62 62 61 60 61 61 59 59 50 41 39 40 43 45 45 46 46 45 44 44 43
camera 79 42 45 43 45 44 46 44 46 45 47 45 47 46 47 46 47 45 41 38 39 41 56 62 64 62 66 65 66 66 67 67 66 67 68 67 68 67 68 68 68 69 69 68 69 69 69 70 70 70 71 71 71 70 71 72 72 72 72 72 74 73 73 72 74 72 73 73 74 72 74 73 74 73 74 75 75 73 74 73 72 73 71 71 71 70 70 70 69 68 68 67 68 67 67 67 66 66 66 65 65 65 65 64 64 64 63 62 62 61 62 61 61 59 59 49 41 39 40 43 47 46 47 45 45 44 45 43
camera 81 42 45 44 44 44 46 45 46 45 46 46 46 46 47 47 48 45 41 38 38 41 56 63 64 63 65 65 66 65 67 67 67 67 67 67 67 67 67 66 68 68 69 68 70 69 69 68 69 69 70 70 71 71 71 71 71 71 72 72 73 72 74 73 73 72 72 73 73 72 73 74 74 73 73 75 73 73 74 72 72 72 72 71 71 70 70 68 69 68 69 67 67 66 67 65 66 65 65 64 65 64 64 63 64 63 61 62 63 61 61 61 61 59 58 49 41 39 40 44 46 46 46 45 45 44 44 44
camera 79 41 44 43 44 44 46 45 46 45 47 45 46 45 47 46 47 44 41 38 39 41 56 63 64 62 66 65 66 65 67 66 66 68 67 67 67 67 67 67 68 68 69 68 69 69 69 69 69 70 71 70 71 70 71 71 71 72 72 72 73 72 73 73 73 71 73 73 73 72 74 73 74 73 75 74 74 73 74 72 72 72 71 71 69 71 70 69 69 68 68 67 67 66 66 66 66 66 65 65 64 64 64 64 64 63 62 62 61 61 61 61 60 59 59 49 41 39 40 43 46 45 46 45 45 44 44 42
camera 81 42 44 43 44 45 46 45 46 45 47 45 47 46 47 46 48 45 41 39 39 41 56 62 64 63 66 65 66 66 69 67 67 67 68 67 68 67 69 67 69 68 69 68 69 69 70 69 70 70 71 71 71 71 72 71 72 71 72 72 73 72 73 73 74 73 73 74 73 72 74 74 74 73 75 75 73 74 74 73 72 73 72 71 71 71 70 70 69 68 68 67 69 67 67 66 67 66 66 66 65 65 65 64 64 63 63 62 62 61 61 61 61 60 59 49 40 39 40 43 47 46 47 45 45 44 44 42
camera 80 42 44 43 44 44 45 46 45 45 46 45 46 45 47 47 47 45 41 38 38 41 56 62 63 62 65 65 65 65 66 66 67 67 67 66 68 66 67 66 68 67 68 67 69 68 69 68 69 70 71 70 72 70 70 70 71 71 72 72 73 72 72 73 73 72 72 73 73 72 73 74 73 73 74 75 73 73 73 72 71 72 72 70 70 70 70 69 69 68 69 67 68 66 67 65 66 65 66 64 65 64 64 63 63 62 63 61 62 60 61 61 60 59 58 49 40 39 40 44 47 46 46 45 44 44 44 43
camera 80 42 44 44 44 44 45 45 46 45 46 46 47 46 47 47 48 45 41 38 39 41 56 62 65 63 66 65 66 65 67 66 67 67 68 67 68 67 69 67 69 68 69 68 69 69 71 69 70 70 71 71 72 71 71 72 72 71 72 72 73 73 73 73 74 72 73 74 73 73 73 74 74 74 75 74 75 74 74 73 72 72 72 71 70 71 71 69 70 68 69 67 68 67 68 66 67 66 66 65 65 64 65 64 64 63 63 63 63 61 61 61 61 63 59 50 41 39 40 44 46 47 46 45 45 44 44 43
camera 79 41 44 43 44 45 46 45 46 45 46 45 47 46 47 46 47 44 41 38 39 41 56 62 64 62 65 65 66 66 67 66 66 67 67 66 67 67 67 67 68 68 68 68 69 69 69 69 70 70 70 70 71 70 71 71 72 72 72 72 73 72 73 73 73 71 73 73 73 72 73 73 74 73 74 74 75 73 74 72 72 72 71 71 69 71 70 68 69 69 68 67 67 66 66 66 66 67 66 65 65 64 64 64 64 64 62 62 62 61 62 60 60 58 59 49 40 39 40 44 47 45 46 45 45 44 45 43
camera 81 42 45 43 44 43 46 44 46 46 47 45 47 45 46 47 47 45 41 38 39 41 56 61 64 62 66 65 67 65 66 65 67 66 67 67 68 66 68 67 68 67 69 68 69 69 69 69 69 69 71 70 70 71 71 71 71 71 72 72 72 72 73 76 73 72 73 73 73 72 73 72 74 74 75 75 75 73 73 72 72 72 71 71 71 71 70 69 69 68 68 66 67 66 67 66 66 65 66 64 65 64 65 64 64 63 62 62 63 61 61 61 61 59 59 50 41 39 40 43 46 46 46 46 45 44 45 43
camera 80 42 44 43 44 45 46 46 46 45 46 46 47 47 47 46 47 45 40 38 39 41 56 62 64 63 66 65 66 66 67 66 67 67 68 67 68 67 68 67 68 68 70 68 69 69 70 69 69 70 71 70 72 71 72 71 71 71 72 72 73 73 73 73 73 72 73 74 74 73 74 74 73 74 75 75 74 74 74 73 72 73 72 71 70 71 70 69 70 69 69 68 68 67 67 66 66 66 65 65 65 65 65 64 64 64 63 62 62 62 61 61 61 60 59 49 41 39 41 44 48 46 47 45 45 44 45 43
camera 82 42 44 43 44 44 46 44 47 45 47 45 47 45 47 46 48 45 40 38 38 40 55 62 64 62 65 65 66 65 66 66 66 67 67 66 67 67 68 67 68 68 68 71 69 69 69 69 69 70 70 68 71 70 71 71 71 71 71 71 73 72 73 72 74 71 73 73 73 72 73 73 74 73 74 75 74 73 74 72 72 72 71 71 70 70 70 69 68 68 68 68 68 67 66 66 66 65 65 64 65 64 64 64 64 62 62 62 62 60 61 60 61 60 59 48 41 39 40 44 47 45 46 44 45 44 44 43
camera 81 42 45 43 44 44 47 45 46 45 47 45 47 46 48 47 48 45 41 37 39 41 56 63 65 62 66 65 67 65 66 66 67 67 68 67 68 67 68 68 68 68 69 69 70 70 69 69 70 69 71 71 71 71 72 71 72 71 73 72 73 73 74 73 74 72 73 74 74 73 75 74 75 74 75 75 74 74 73 73 72 74 71 71 71 71 70 70 70 70 68 68 68 67 66 67 67 67 66 65 65 65 64 64 64 64 63 63 63 61 62 61 61 59 59 49 41 39 41 44 47 46 46 45 45 44 45 43
camera 82 42 44 43 44 44 45 44 46 47 47 46 46 46 47 47 47 46 41 38 39 41 57 62 64 62 65 65 66 65 67 66 66 66 67 66 68 67 68 67 69 68 69 68 69 69 69 70 69 70 71 70 71 70 70 71 72 72 72 71 73 72 73 72 74 72 73 73 73 72 73 73 74 73 75 74 74 73 74 72 72 71 71 70 70 70 70 69 69 67 68 67 68 66 67 66 66 66 66 64 64 64 64 64 64 64 63 62 62 61 61 61 61 60 59 49 41 39 40 44 46 45 46 45 45 44 44 43
camera 79 42 45 43 44 44 46 44 45 45 46 45 47 46 47 46 46 45 41 38 39 41 56 62 63 62 65 65 66 66 67 66 67 67 67 66 68 67 67 67 69 68 69 67 69 69 69 69 70 70 71 70 71 71 71 71 71 71 72 73 73 72 73 73 73 72 73 74 73 72 74 73 73 74 74 76 74 73 73 73 71 72 71 71 71 71 70 69 69 68 68 66 67 67 66 66 66 65 66 65 65 64 64 64 63 63 62 62 62 61 62 61 60 59 59 49 41 39 41 44 47 46 46 45 45 44 45 43
camera 82 42 45 44 45 44 46 46 46 46 46 46 47 46 47 46 48 45 41 38 39 42 56 63 64 63 65 65 66 65 67 66 66 67 68 67 67 68 68 67 69 68 69 68 69 69 69 69 70 70 71 70 71 71 71 71 72 71 72 72 73 72 73 73 74 72 73 75 74 72 74 74 74 74 74 74 75 73 74 73 72 72 71 72 71 71 71 69 70 68 69 67 68 67 68 66 67 66 65 65 65 64 64 65 65 63 63 62 62 61 62 61 61 59 60 49 41 39 39 44 47 46 46 46 45 44 44 43
camera 79 42 45 43 44 45 46 44 45 45 46 45 47 47 46 47 47 45 40 38 39 41 55 62 63 62 64 65 65 65 66 65 66 66 68 66 68 66 68 67 67 68 69 68 69 69 69 69 69 69 71 70 71 70 71 71 71 71 72 71 72 71 73 72 74 71 73 73 73 71 73 73 73 73 74 74 74 73 73 72 72 72 71 71 70 70 70 68 70 68 68 67 67 65 66 65 67 65 66 64 64 64 64 63 62 62 62 61 62 61 61 60 60 59 59 50 41 39 40 43 47 45 46 44 45 44 44 43
camera 81 42 44 44 44 45 45 45 46 45 47 46 47 47 47 46 47 45 41 39 39 41 57 62 64 62 66 65 66 65 68 66 67 67 68 67 68 67 69 67 69 68 69 67 69 69 70 69 70 70 71 71 71 71 71 71 72 71 72 72 73 73 73 73 74 72 73 74 74 72 74 74 74 74 75 75 74 74 74 73 72 72 71 71 71 71 71 70 69 69 69 68 68 67 67 66 67 66 66 65 65 64 64 65 64 62 62 62 62 61 61 61 61 63 60 50 41 39 40 43 46 44 46 45 45 44 44 43
camera 79 42 44 43 44 44 45 45 46 45 47 45 47 46 47 46 47 45 42 38 39 41 56 62 63 62 65 65 66 65 66 66 66 67 67 67 67 66 68 67 68 67 69 68 69 69 71 69 70 69 71 69 71 70 71 71 71 71 72 72 73 72 73 72 73 71 73 74 73 72 73 74 73 73 74 74 74 73 74 73 71 72 71 71 70 70 69 69 69 66 69 67 67 65 66 65 66 65 66 64 65 63 64 64 64 62 63 61 62 60 61 61 61 59 59 49 41 39 40 44 46 46 46 45 45 45 44 43
camera 81 43 45 43 44 45 46 45 46 45 46 45 47 46 47 46 47 45 41 38 40 41 56 62 64 62 65 65 67 65 67 66 66 66 67 67 68 66 68 67 68 68 68 68 68 69 69 68 69 70 71 70 70 71 71 70 71 71 71 72 72 72 73 73 74 71 72 73 73 72 73 72 73 73 74 74 74 73 74 71 72 72 71 70 71 70 70 69 69 68 68 67 67 66 67 66 66 65 65 65 68 64 64 64 64 63 62 61 61 61 61 60 60 60 59 49 40 38 40 44 47 46 46 45 46 44 44 43
camera 83 42 44 43 44 44 46 45 46 45 47 45 47 46 47 47 48 45 41 38 39 41 55 62 64 63 65 65 67 66 66 66 66 67
