camera 55 43 44 44 45 44 46 45 46 46 47 46 44 38 38 37 44 57 62 62 64 63 65 63 65 63 67 66 67 65 66 65 66 66 68 67 68 67 68 67 69 69 69 68 69 69 69 70 71 70 71 70 71 71 71 72 72 72 72 72 72 72 72 73 75 74 76 75 75 74 76 75 75 74 74 73 74 72 73 72 71 71 70 70 69 69 68 68 68 67 68 67 67 65 66 65 65 65 65 64 64 63 64 63 62 61 61 60 61 59 49 40 39 39 44 44 46 45 46 45 46 43 44 42 42 40 39 38 
camera 82 42 44 43 46 44 46 45 47 46 47 47 44 39 38 37 44 57 62 62 64 63 64 64 65 63 66 66 66 65 66 66 66 66 67 67 68 67 69 68 69 68 69 68 69 70 69 70 70 72 71 70 71 71 72 72 72 74 72 72 73 72 73 73 75 74 76 75 75 74 75 75 75 74 74 74 72 73 73 71 72 71 70 70 70 69 68 68 68 68 67 67 66 66 66 66 65 65 65 64 64 64 64 63 64 61 61 60 61 58 49 40 39 39 44 46 46 46 46 46 45 44 45 43 44 43 43 42
camera 80 43 45 44 45 44 46 45 47 46 47 46 43 39 38 38 44 57 62 63 64 64 65 64 64 63 66 66 67 66 66 66 67 67 67 67 68 68 69 67 69 68 69 68 70 69 70 69 71 70 71 70 72 71 72 72 74 72 73 72 73 72 73 73 75 74 76 75 75 74 76 76 75 74 74 73 73 74 73 72 71 72 70 70 70 69 69 68 68 68 67 65 67 66 66 66 67 65 65 64 65 63 63 62 64 61 61 61 61 58 49 40 40 39 44 46 46 46 47 45 45 45 45 43 44 43 43 42
camera 80 42 45 44 45 44 46 45 46 45 47 45 43 38 39 37 44 56 62 61 63 63 65 64 64 64 65 64 66 64 66 65 66 67 67 67 67 67 67 67 68 69 69 68 69 69 69 69 70 69 70 70 71 71 72 71 72 72 72 71 72 72 74 73 74 72 75 74 74 74 75 74 74 73 74 73 73 72 72 71 71 72 70 69 68 69 68 67 68 67 68 67 66 65 65 65 65 65 65 64 64 63 62 62 62 62 60 60 61 58 48 40 40 39 44 45 46 45 46 45 46 44 45 43 44 43 43 42
camera 82 43 44 45 45 45 46 46 47 45 47 46 43 38 39 37 44 56 62 62 63 64 65 63 65 63 66 65 66 65 66 66 67 66 67 67 66 67 68 68 69 69 69 68 69 69 69 70 70 71 71 71 71 71 72 72 73 73 72 72 74 73 73 73 75 73 76 75 76 74 75 75 75 74 74 73 74 73 73 72 71 71 70 70 69 69 69 68 68 67 68 67 66 66 66 66 66 65 65 64 64 62 63 63 62 62 61 60 61 58 49 40 39 39 44 46 47 45 47 46 46 44 45 44 45 43 43 42
camera 81 42 45 44 45 45 46 45 46 46 47 46 43 38 38 37 45 57 61 62 63 63 64 63 65 63 65 65 66 64 66 65 66 66 67 66 67 66 67 67 68 68 69 68 69 69 69 69 69 70 70 69 71 71 71 71 72 72 71 71 73 72 73 73 74 73 76 74 74 73 75 74 75 73 73 72 72 72 72 71 71 71 70 69 69 69 68 67 67 67 67 67 66 65 65 65 65 64 64 63 63 63 62 62 61 61 61 60 60 58 48 39 39 39 44 46 46 45 46 45 45 44 45 43 44 42 43 42
camera 81 43 44 44 45 44 46 45 47 45 47 45 43 38 38 37 44 56 61 62 63 63 65 63 64 61 65 64 65 65 66 65 66 66 67 67 67 67 68 67 68 68 69 68 67 69 69 69 70 70 70 70 70 70 71 71 72 73 72 71 72 72 73 73 74 73 75 74 76 73 75 74 74 73 73 72 74 72 73 71 70 71 70 69 69 68 69 67 68 67 67 66 67 65 65 65 65 65 64 63 62 62 61 61 59 58 58 57 57 54 46 39 39 39 43 43 45 43 44 43 44 43 44 43 44 42 43 41
camera 81 42 44 44 45 44 46 45 46 45 47 46 43 38 38 38 44 57 62 62 63 63 64 64 64 62 65 65 65 65 66 65 66 67 67 66 67 67 68 67 68 69 69 68 68 69 68 69 70 70 71 70 72 71 71 71 72 72 72 71 73 72 73 73 74 72 75 75 75 74 75 75 74 73 73 73 73 72 72 71 71 71 70 69 69 69 69 67 67 67 67 66 64 64 64 62 62 61 60 59 58 57 56 55 54 53 52 51 53 49 44 38 38 37 41 41 44 42 44 43 44 42 44 43 43 42 43 41
camera 81 42 44 43 45 44 45 45 46 45 46 46 43 38 37 37 44 56 61 61 62 62 63 62 64 62 65 65 66 65 65 65 65 66 66 66 67 66 68 66 68 66 69 67 69 69 69 68 70 69 70 69 70 70 72 71 71 71 71 70 72 71 73 72 74 72 74 74 74 73 74 74 73 72 72 72 72 71 70 70 69 68 68 67 66 66 65 64 63 61 61 59 59 57 57 56 56 54 53 51 50 49 50 48 47 46 47 45 46 45 42 37 38 37 41 42 44 43 46 44 44 43 44 43 43 42 41 40
camera 81 42 43 44 45 44 45 45 46 46 46 46 43 38 38 38 44 57 61 62 62 63 64 64 64 62 65 65 66 65 66 65 66 66 67 66 68 66 68 67 69 68 70 68 69 69 69 69 69 70 70 70 71 71 71 71 72 72 72 72 72 72 73 73 73 73 75 73 74 73 74 73 73 71 71 69 70 68 68 66 66 65 63 61 60 58 58 57 57 55 54 52 52 49 48 46 46 45 45 44 45 44 44 45 45 46 47 48 51 51 45 39 38 38 42 44 44 44 45 45 44 43 44 43 42 41 41 40
camera 81 42 45 44 45 44 45 45 46 45 47 45 43 37 38 36 44 56 62 62 62 62 64 62 64 62 66 64 66 64 65 64 66 65 67 66 67 66 67 67 68 68 67 67 69 68 69 68 69 69 70 69 70 72 71 71 72 71 71 70 71 69 71 70 71 71 72 71 71 67 70 69 68 66 66 63 62 61 60 57 56 55 53 51 49 47 46 44 45 44 43 43 44 43 43 44 45 46 49 50 53 54 57 56 56 56 56 55 57 54 47 38 39 38 43 44 45 43 45 43 43 42 43 41 41 40 41 39
camera 59 42 44 43 45 45 46 45 46 45 47 45 43 37 38 37 45 56 61 61 62 63 64 63 63 61 65 64 65 64 66 65 65 66 66 65 67 67 67 67 68 67 68 67 69 68 68 68 69 69 69 70 70 70 70 70 71 70 70 69 70 69 69 69 70 68 69 68 65 62 60 56 53 49 48 46 47 45 46 45 45 44 44 44 45 45 46 46 49 50 53 54 57 57 59 59 59 58 59 58 58 58 58 57 58 55 57 56 57 55 47 39 39 39 42 42 41 41 41 40 41 40 40 39 39 38 39 38
camera 55 42 44 44 45 44 45 46 46 45 46 45 43 38 38 38 44 57 61 61 62 62 64 62 64 62 65 65 66 64 65 64 66 66 66 66 67 66 67 66 68 67 68 67 69 68 68 68 69 69 69 69 70 69 69 68 68 66 64 61 59 56 54 52 50 48 47 47 46 45 46 46 47 46 48 49 50 51 53 53 53 54 55 56 56 57 58 58 60 59 62 60 60 59 60 58 60 59 58 58 58 55 54 50 49 47 46 45 45 42 40 36 37 37 37 37 38 37 38 37 38 37 36 37 37 36 37 37
camera 54 42 44 42 45 43 45 44 46 45 46 45 43 37 38 37 44 56 60 61 61 61 62 62 63 61 64 65 65 64 64 64 64 65 65 66 66 65 66 65 65 64 64 62 63 62 62 60 60 58 58 56 56 54 52 51 50 49 49 47 49 48 50 51 52 51 53 52 54 53 56 55 56 56 57 57 58 58 60 59 60 61 61 62 61 61 61 60 59 56 55 53 52 50 50 49 48 47 47 46 45 44 43 42 42 41 41 40 41 40 38 36 37 36 38 36 38 37 37 37 38 37 37 36 37 37 37 36
camera 55 41 43 43 45 44 45 44 46 45 46 45 43 37 37 37 44 56 61 61 61 61 62 60 62 59 61 60 61 59 60 59 60 59 59 58 59 57 57 55 55 54 54 52 53 53 53 52 51 51 52 50 52 51 52 52 53 53 54 53 55 55 56 56 59 58 60 59 61 61 64 65 66 65 66 65 65 64 66 64 64 62 60 57 56 55 54 53 54 52 52 51 50 50 49 48 47 46 45 43 43 42 42 41 41 41 41 40 41 40 39 36 37 36 37 37 38 37 38 37 38 37 39 38 38 37 38 38
camera 54 41 43 42 44 43 44 43 43 43 44 43 41 37 37 36 41 51 55 58 55 55 55 54 54 52 54 52 54 53 53 52 52 51 52 50 51 50 50 50 52 51 52 51 52 52 53 52 55 54 56 56 57 57 58 59 60 61 62 62 63 63 64 64 66 65 66 67 66 65 66 66 66 65 66 65 65 65 65 64 63 62 60 58 57 56 55 53 52 51 51 48 48 46 45 43 44 41 42 40 42 41 42 41 42 41 41 40 41 39 38 36 37 36 37 37 38 37 38 37 38 37 38 38 37 37 38 37
camera 52 40 42 41 42 41 42 41 43 42 43 41 41 37 37 36 39 48 52 51 51 50 51 50 49 49 50 50 51 51 51 51 51 52 53 53 54 54 55 55 57 56 58 57 59 59 60 60 62 61 61 60 62 61 62 62 63 62 62 62 63 62 64 64 67 65 68 67 68 66 68 68 68 66 66 65 65 64 64 62 61 62 60 58 56 54 52 49 48 45 45 44 43 42 42 41 41 41 42 41 41 41 41 41 41 40 41 40 41 39 38 36 38 36 38 37 38 37 38 37 39 37 38 37 37 36 37 36
camera 52 40 41 41 41 41 42 41 42 41 42 41 39 36 36 36 40 47 50 50 50 51 51 51 52 52 53 53 54 54 55 55 56 56 57 57 59 57 58 57 58 57 58 57 60 58 59 58 59 59 61 60 62 61 64 63 64 63 64 63 65 64 64 63 65 64 65 64 65 63 64 63 64 62 61 60 59 58 58 57 56 55 53 52 51 48 46 45 43 42 43 42 42 41 42 42 42 41 42 41 42 41 41 40 41 39 41 40 42 39 38 36 36 35 37 37 37 37 38 37 38 37 37 37 36 37 37 36
camera 51 39 40 40 41 42 41 40 41 40 40 40 39 36 36 35 40 47 50 50 51 51 53 52 53 52 53 53 55 52 54 53 54 54 55 54 55 54 56 55 57 57 58 57 59 59 59 59 60 58 60 59 60 59 60 60 59 58 59 59 59 59 60 59 60 59 60 59 59 57 59 57 57 56 55 54 52 51 50 48 46 46 44 43 43 42 42 42 42 43 42 41 42 42 42 41 41 41 41 40 41 41 41 40 41 40 40 40 40 39 38 35 36 35 37 37 38 37 38 37 37 36 38 37 37 36 37 36
camera 51 39 40 40 40 39 41 41 41 40 41 40 39 36 36 35 40 47 50 50 50 50 51 50 51 50 52 51 52 52 53 52 54 54 56 55 57 56 57 56 57 57 57 56 57 57 57 57 57 57 57 57 58 57 57 56 57 56 58 56 56 56 57 56 57 55 57 56 56 54 55 54 54 52 51 49 47 45 45 44 44 43 42 42 43 41 42 41 42 41 43 41 42 41 42 40 42 40 42 41 41 41 41 40 41 40 41 39 41 39 39 36 37 35 37 36 38 37 38 37 38 37 38 36 37 36 36 36
camera 51 39 41 40 41 40 40 40 40 40 41 41 39 36 36 35 39 46 49 49 50 50 51 50 50 50 52 52 53 52 54 53 54 54 56 54 56 55 57 55 56 55 56 54 56 55 56 55 56 55 56 54 56 54 56 55 55 54 55 54 55 54 54 54 55 53 54 54 54 52 52 53 52 50 50 49 48 46 46 44 44 43 44 42 43 42 43 41 42 41 42 41 41 41 41 40 41 41 41 40 40 40 41 40 41 40 40 39 40 39 38 34 36 35 37 37 37 37 38 35 37 36 38 36 38 36 37 35
camera 51 38 40 39 41 39 41 40 40 40 41 39 39 36 36 35 39 46 50 49 50 49 50 49 50 49 51 51 52 52 53 52 54 53 55 54 55 54 55 54 55 55 55 54 55 55 55 54 55 54 56 54 55 54 55 55 53 54 54 53 54 53 54 53 55 53 53 53 53 50 52 51 50 49 50 48 49 47 47 45 45 44 44 43 43 43 43 42 42 41 42 41 41 41 42 40 42 41 41 40 41 40 41 40 40 40 40 40 40 39 38 35 36 35 37 36 38 37 37 37 38 36 37 37 37 36 36 36
camera 54 41 43 42 44 42 44 42 43 42 43 42 40 36 37 35 40 48 50 49 50 49 49 48 48 47 48 48 49 48 49 49 50 51 52 52 53 52 53 53 55 55 55 54 55 55 56 55 56 55 56 54 56 55 56 54 55 54 55 53 54 53 54 53 54 52 53 51 52 50 52 51 51 49 50 49 49 47 46 46 45 44 44 43 43 43 42 42 42 41 42 41 42 41 41 41 41 40 41 41 41 40 41 40 41 39 40 40 40 39 38 36 37 35 37 36 37 37 38 36 38 37 37 36 37 36 37 36
camera 54 41 43 43 44 42 44 43 46 43 45 43 41 36 37 36 42 50 54 53 54 53 55 53 55 53 54 54 54 53 53 52 53 52 53 53 53 53 54 52 53 52 52 50 51 50 51 50 49 49 51 50 50 50 52 53 55 55 55 54 56 54 55 54 55 53 54 53 53 51 52 52 52 50 50 48 49 48 48 47 47 46 45 44 44 43 43 42 42 41 42 42 42 41 41 41 41 40 41 40 41 40 41 40 40 40 40 39 40 39 38 36 36 35 37 38 38 37 38 37 37 37 37 35 37 37 37 36
camera 54 41 43 43 44 43 44 44 46 45 46 44 42 37 36 36 42 53 57 57 57 57 56 56 57 55 58 57 58 57 56 56 57 58 57 56 57 55 56 55 56 56 56 55 56 55 56 55 56 55 57 56 57 56 57 57 57 56 57 56 57 56 57 55 55 54 54 53 52 50 52 51 51 51 51 50 51 50 51 50 50 50 48 47 46 45 45 44 43 42 42 42 42 41 42 41 41 40 41 41 41 40 41 40 41 39 40 40 40 39 38 35 36 35 37 37 38 37 38 37 38 36 38 36 37 36 37 36
camera 53 41 43 43 44 43 45 44 45 45 45 45 43 37 37 36 43 56 60 60 61 61 61 59 60 58 61 59 60 59 60 59 60 59 60 60 61 59 60 59 59 59 58 58 58 58 58 58 59 58 58 57 59 58 58 58 59 59 59 58 59 58 60 60 61 60 62 60 61 59 60 59 60 58 60 57 58 57 56 54 54 53 53 51 50 49 49 48 48 47 46 44 44 42 42 41 42 41 42 40 41 40 41 40 41 40 40 40 40 39 38 36 36 36 37 37 38 37 38 37 38 37 38 36 37 36 37 36
camera 53 42 44 43 44 43 44 44 46 45 46 45 42 38 38 37 43 55 61 61 61 61 62 62 62 61 64 64 64 63 64 63 63 64 64 64 65 63 64 63 65 64 65 63 64 64 65 62 63 62 62 61 62 61 62 61 61 61 61 60 62 61 63 62 64 63 65 64 65 63 65 65 64 63 63 62 62 61 60 59 59 61 58 58 57 57 56 55 56 55 53 51 50 49 48 46 45 43 43 41 42 41 42 41 41 40 41 40 40 39 39 36 37 36 38 37 38 37 38 37 38 37 38 36 38 36 38 36
camera 54 42 44 44 45 44 45 44 46 45 46 45 43 38 37 37 43 56 61 61 62 62 63 62 64 62 64 63 65 64 65 65 66 65 66 65 67 66 67 66 67 67 67 66 67 67 66 67 67 67 67 68 68 67 67 65 66 65 65 64 66 65 65 65 67 65 67 67 68 66 68 67 68 67 67 66 67 66 66 64 64 64 62 62 60 60 60 59 59 59 58 58 58 56 56 55 53 52 50 47 47 44 43 42 41 41 41 40 41 40 38 36 36 36 38 36 38 38 38 37 38 37 39 36 37 37 38 36
camera 54 42 44 44 45 44 45 44 45 45 46 45 43 37 37 37 43 56 61 61 62 62 62 62 63 62 64 64 65 64 65 65 65 65 66 65 67 66 69 66 68 67 68 66 68 67 69 68 69 68 69 68 69 68 68 68 69 68 68 66 68 67 67 66 68 67 68 68 69 67 68 69 69 69 68 68 67 68 67 66 67 67 65 64 64 64 64 62 62 62 61 60 61 60 61 59 60 58 58 57 56 54 54 49 47 43 43 40 42 40 39 36 37 36 38 38 39 38 39 37 38 37 39 37 38 37 38 36
camera 55 42 44 45 45 44 45 45 46 45 46 46 43 37 37 37 44 57 61 63 62 62 63 62 64 62 65 65 66 65 66 65 66 66 67 66 68 67 67 67 68 68 69 67 69 69 68 69 70 70 70 69 70 70 71 71 72 71 71 70 70 70 69 71 70 70 71 71 71 69 70 70 70 70 70 70 69 69 69 68 68 68 67 67 66 66 67 65 66 65 65 63 64 62 62 62 63 61 62 60 60 59 59 59 59 57 54 51 49 44 41 37 38 36 39 38 39 38 38 38 39 38 38 38 38 37 37 37
camera 55 42 44 43 46 44 46 44 45 45 46 45 44 38 38 37 44 56 61 61 62 62 64 64 64 62 65 64 65 64 65 66 65 66 66 66 67 66 67 68 68 68 69 67 68 69 69 68 69 69 70 69 70 70 70 71 71 71 71 70 72 71 72 70 72 70 74 72 72 70 72 70 71 69 70 69 69 69 69 69 68 69 67 68 67 67 67 67 67 66 65 64 65 64 64 64 64 63 62 62 62 61 61 61 60 59 58 58 58 55 47 39 39 38 40 38 39 38 39 38 39 38 39 37 38 37 38 37
camera 54 42 44 44 45 44 45 45 46 46 47 46 43 37 37 37 44 56 61 60 62 62 62 63 63 61 65 65 65 64 66 65 66 66 66 66 67 67 67 67 68 67 68 67 69 69 69 69 70 70 70 70 71 70 70 71 72 71 71 71 71 72 72 72 74 73 75 73 73 72 73 72 72 70 71 69 70 69 70 68 68 69 67 67 66 66 67 65 66 66 66 65 66 64 65 64 65 63 64 62 61 62 62 61 61 60 60 59 60 57 47 39 39 39 43 44 43 41 40 39 39 38 39 38 38 38 38 37
camera 55 42 44 44 45 44 46 46 46 46 46 45 43 38 37 38 44 57 61 61 62 62 64 64 64 62 64 64 65 65 66 66 66 66 67 66 68 67 68 66 69 68 68 68 70 68 69 68 70 70 70 70 71 70 71 71 72 72 71 71 72 72 73 73 75 74 74 75 74 73 74 75 74 73 72 71 71 70 70 68 68 68 67 67 66 66 66 65 66 65 67 65 65 64 65 64 65 64 64 62 64 62 62 61 61 60 59 60 60 58 48 39 39 39 44 45 45 45 46 45 44 41 40 39 38 38 39 38
camera 55 42 44 44 45 43 45 45 46 45 47 45 43 38 38 37 43 56 61 61 62 61 64 62 64 62 64 64 65 64 66 65 65 66 67 66 66 66 67 67 68 67 68 67 69 69 69 69 69 69 70 70 71 70 71 71 72 71 71 70 72 71 72 72 75 73 75 74 74 72 74 73 75 73 73 72 72 71 71 69 69 69 67 67 66 66 65 64 64 63 64 63 64 63 63 63 62 62 63 62 62 62 62 62 61 60 60 59 60 57 48 40 40 39 44 45 46 44 46 45 46 44 45 43 42 39 39 38
camera 64 42 44 44 45 46 46 45 46 46 46 46 44 39 38 37 44 57 61 62 63 64 64 64 64 63 65 65 66 64 66 65 65 66 67 67 68 66 68 67 68 68 69 68 69 69 70 69 71 70 71 70 71 71 72 71 72 72 72 71 72 72 73 73 73 74 75 75 75 74 75 75 75 74 73 73 73 72 72 71 72 71 70 68 68 67 67 66 67 65 65 63 64 62 63 62 62 62 62 62 62 61 61 61 62 60 60 60 60 58 49 40 39 39 44 46 46 46 46 45 45 44 45 44 44 42 42 40
camera 79 42 44 43 45 44 45 45 46 45 47 45 44 38 38 37 45 56 61 61 62 62 64 63 65 62 65 64 65 64 66 65 65 66 67 67 67 66 67 67 69 67 68 67 69 69 69 69 69 70 70 69 71 71 71 71 72 72 71 71 72 72 72 72 74 73 75 74 74 72 74 74 75 73 73 71 72 71 72 71 70 70 69 69 68 68 67 67 67 66 66 65 65 64 64 64 62 61 61 60 61 60 60 61 59 59 58 59 59 57 48 41 39 39 43 45 46 45 46 45 45 44 45 44 44 43 43 40
camera 81 42 44 44 45 44 45 44 46 46 46 45 43 38 38 37 44 57 61 61 63 63 64 62 64 62 65 64 65 65 66 65 66 66 66 67 67 67 68 68 69 68 68 67 69 69 69 69 70 70 72 70 71 70 71 71 72 71 72 71 72 72 74 72 74 73 75 74 74 73 75 74 74 73 73 72 72 72 72 71 70 70 69 69 68 68 68 67 67 66 67 66 66 66 65 65 65 63 64 62 62 60 61 60 60 58 59 58 59 56 47 40 39 39 44 45 46 46 46 45 45 44 44 44 44 43 43 41
camera 79 43 44 44 45 44 46 46 47 46 47 46 44 38 38 37 44 57 62 62 62 62 64 63 64 63 65 64 66 65 66 65 66 66 67 66 69 67 68 67 69 68 69 68 69 69 69 69 70 70 71 70 72 71 71 71 72 72 72 71 72 72 73 72 74 73 75 75 74 73 75 75 74 73 73 73 73 72 72 70 71 70 69 68 69 68 68 66 67 66 66 66 67 64 65 64 64 63 64 62 62 61 61 61 60 58 59 58 57 56 47 39 39 39 43 45 45 44 45 44 45 44 44 43 43 42 42 40
camera 82 42 44 44 45 44 45 45 47 45 47 45 44 38 38 37 44 56 61 61 62 62 64 62 63 62 65 64 65 65 65 65 65 66 66 66 67 67 68 66 67 68 68 67 69 68 69 69 69 69 70 69 70 70 71 71 72 71 72 71 72 71 72 72 75 72 74 74 73 71 73 73 73 72 72 71 71 70 70 69 68 69 68 67 67 67 67 66 65 65 65 65 64 63 63 62 61 61 60 59 59 59 59 58 58 57 56 56 57 54 46 39 40 38 42 43 44 42 43 42 43 41 42 41 42 41 41 40
camera 79 42 44 44 45 44 46 45 46 44 46 45 43 38 38 37 44 56 61 62 62 63 65 63 65 62 65 64 67 65 66 65 66 66 67 67 68 66 68 67 68 69 69 68 68 69 69 69 70 70 70 70 71 70 71 71 72 72 72 71 73 71 72 72 74 72 74 73 74 71 73 73 72 71 71 71 71 70 70 69 69 68 67 67 67 66 66 65 65 64 63 61 60 60 60 59 59 59 58 57 56 56 56 56 55 54 52 51 50 48 43 38 38 38 41 41 42 42 44 43 44 42 44 43 44 42 41 39
camera 80 42 43 43 45 44 45 45 46 45 46 45 43 38 38 37 44 56 61 61 62 62 62 63 63 61 65 65 65 64 64 64 65 65 66 66 67 66 67 66 68 67 68 68 68 68 69 68 69 68 70 69 71 70 71 70 71 70 70 70 71 70 71 70 71 70 72 71 71 70 71 71 70 70 70 69 68 68 68 67 66 68 65 64 62 61 61 60 59 58 58 57 56 56 56 55 55 53 52 49 47 47 46 45 46 46 46 45 47 47 42 37 38 38 42 44 45 44 45 44 45 43 45 43 44 42 42 39
camera 79 43 44 44 45 44 45 45 46 45 46 45 45 38 38 37 44 56 61 61 62 62 63 62 64 61 64 64 66 64 65 65 65 66 66 66 68 66 68 66 68 67 68 67 68 68 68 69 69 69 69 68 69 69 70 68 69 68 67 67 68 67 69 68 70 69 71 69 70 68 70 69 69 68 66 65 64 62 62 60 59 59 58 57 56 55 55 53 52 49 47 45 45 43 43 43 44 44 46 46 49 49 53 53 55 56 57 58 59 58 47 39 38 39 43 45 45 44 45 44 45 44 45 43 44 42 42 39
camera 78 41 44 43 45 44 46 45 46 45 46 45 43 38 38 37 44 56 61 61 62 62 65 63 64 63 65 64 65 65 66 65 65 67 67 66 67 66 68 67 68 69 68 68 68 67 67 67 67 68 67 66 67 66 67 66 67 66 66 65 67 66 67 66 67 65 66 64 62 60 61 60 60 57 57 56 57 52 50 46 46 45 45 44 44 44 45 45 46 48 50 52 54 56 59 60 61 63 62 62 62 61 61 61 61 60 60 59 60 57 48 39 39 39 43 45 46 45 46 45 45 43 45 43 43 42 41 39
camera 57 41 44 44 45 44 45 44 46 45 46 45 43 38 37 37 43 55 61 61 62 62 63 61 62 61 64 64 64 64 65 65 65 65 66 65 67 65 67 65 66 64 66 64 65 64 65 64 64 64 64 62 63 63 63 63 62 62 60 57 57 56 55 54 54 51 49 47 46 45 45 45 46 46 46 45 47 47 49 51 55 58 60 61 60 61 61 61 61 61 62 62 63 62 63 62 63 62 62 61 60 58 59 58 59 58 58 58 59 56 47 39 38 40 43 45 45 45 45 44 44 44 45 43 43 40 40 38
camera 55 42 45 44 45 43 46 44 45 46 46 44 43 36 38 37 44 56 62 62 62 61 63 62 64 62 65 64 66 63 65 65 65 65 66 65 65 65 64 62 63 62 62 61 62 62 61 60 59 58 56 54 52 49 48 46 46 45 46 45 46 45 47 45 46 46 48 49 53 54 59 61 64 64 65 64 65 64 64 63 63 63 63 62 63 64 64 63 64 62 61 58 57 57 58 57 58 57 58 58 57 58 59 60 60 59 59 59 58 56 47 39 38 39 43 45 45 44 45 44 45 43 44 42 42 40 39 38
camera 55 41 44 43 45 44 44 44 45 45 46 45 42 37 37 37 43 55 60 61 61 61 62 62 62 61 64 64 64 63 64 62 63 62 62 61 61 60 61 57 57 53 51 47 47 45 46 44 46 45 46 45 45 45 46 46 48 48 50 51 54 55 57 59 61 61 64 64 64 63 65 65 64 65 64 63 64 62 62 60 59 58 57 57 56 56 57 56 57 56 58 59 61 62 62 61 62 61 62 60 61 59 60 59 59 59 59 58 58 55 47 39 39 38 43 44 45 45 45 44 43 43 42 40 40 39 39 38
camera 54 41 44 43 45 43 45 44 45 44 46 45 43 38 38 36 43 55 60 60 61 61 62 61 62 60 62 61 61 60 59 57 56 54 52 49 48 46 46 46 45 45 45 44 45 45 46 46 48 49 50 50 52 52 54 54 57 58 59 59 61 61 62 61 63 62 64 63 61 58 58 58 58 56 57 56 57 57 58 59 60 62 62 63 64 64 64 64 64 63 64 62 62 61 62 61 61 61 61 60 60 59 59 61 59 58 58 57 58 55 47 39 39 38 41 41 42 40 40 38 39 38 38 37 38 38 38 37
camera 54 41 43 44 45 43 44 44 45 45 45 45 43 37 37 37 43 55 60 61 60 61 61 59 59 56 57 55 54 51 50 47 47 46 46 45 45 44 46 45 46 47 48 48 50 49 51 51 53 53 55 54 57 56 58 59 60 59 60 57 57 55 54 55 56 55 57 56 57 55 57 60 62 63 64 66 66 66 66 65 65 66 65 65 64 64 64 62 63 62 63 62 61 61 61 60 61 60 60 59 58 55 54 53 52 50 50 47 48 46 42 37 38 36 38 37 39 38 39 38 39 38 38 37 38 36 37 36
camera 54 41 43 43 43 43 44 44 45 44 45 44 42 37 37 36 42 54 58 57 57 55 55 52 52 48 48 47 47 45 45 43 44 44 45 45 47 46 47 47 48 47 49 49 51 51 53 54 54 55 56 56 57 55 54 55 54 54 54 54 55 54 55 56 57 59 62 62 64 62 64 64 66 65 66 65 66 65 65 64 64 64 62 62 62 62 61 60 60 58 57 56 55 53 53 52 52 50 51 49 49 47 47 47 45 44 45 43 42 41 39 37 36 36 37 37 37 38 38 37 38 37 38 36 37 37 37 36
camera 53 41 43 42 45 43 44 43 44 44 45 43 42 37 36 36 40 49 52 51 49 48 47 45 46 44 45 42 45 43 44 44 45 45 46 45 47 47 48 48 50 51 52 51 54 54 55 55 56 55 55 54 55 54 55 55 56 56 55 56 58 59 60 61 63 62 65 66 65 64 66 66 65 65 65 65 65 64 64 62 62 62 62 60 59 58 57 55 55 53 53 51 51 50 49 47 48 46 46 44 44 43 43 41 42 40 41 40 41 39 38 36 37 36 37 38 38 37 38 37 38 37 37 38 37 37 38 37
camera 53 41 43 42 43 41 43 42 42 42 43 41 40 35 36 35 42 43 45 43 44 43 44 43 45 43 44 44 45 44 45 44 45 46 47 48 49 50 51 51 53 53 53 53 54 54 55 54 55 55 55 55 56 54 56 56 58 56 57 57 60 59 61 61 63 62 64 63 63 61 63 62 62 61 61 60 61 60 60 59 58 59 58 56 54 52 51 49 49 47 47 44 44 42 43 41 42 41 42 40 41 40 41 40 41 40 41 40 41 39 37 36 37 36 37 38 38 37 38 37 38 37 38 38 37 37 38 37
camera 51 38 40 39 40 39 40 39 40 39 40 37 38 35 35 35 38 41 43 43 44 43 44 43 43 43 44 44 45 45 47 48 50 50 51 51 52 51 52 51 52 52 53 52 53 53 55 54 55 55 56 55 57 56 56 57 57 55 57 56 58 57 58 58 59 58 59 59 58 57 58 58 58 56 57 56 57 55 54 51 50 47 46 43 43 42 42 41 42 41 42 41 41 41 42 40 41 40 41 41 40 40 40 40 40 40 40 39 41 39 39 36 36 35 37 37 37 37 37 36 38 37 38 37 37 36 37 36
camera 48 36 39 37 38 37 38 37 37 37 38 37 37 36 36 35 37 41 43 42 44 44 45 45 46 47 48 49 50 49 49 49 51 50 50 51 52 50 52 51 53 52 53 51 53 51 52 52 54 52 53 52 53 52 53 52 53 52 53 52 53 52 53 52 53 51 52 50 48 45 45 43 43 43 43 42 43 42 43 42 42 42 42 42 42 42 42 41 42 41 42 40 41 41 41 41 43 40 41 40 41 40 41 40 42 40 40 40 40 39 38 35 37 36 37 37 38 36 37 37 38 37 38 37 37 37 38 37
camera 49 36 37 37 39 37 38 37 38 37 38 37 38 35 35 35 38 43 46 46 46 46 47 46 47 46 48 47 48 47 48 47 49 48 49 48 49 47 48 47 49 47 48 47 48 47 48 47 48 47 48 46 47 46 46 44 43 42 43 43 43 42 43 43 44 42 43 42 43 42 43 42 43 42 43 43 43 42 43 42 43 42 42 43 42 42 42 41 42 41 42 41 41 41 41 41 41 41 41 40 41 40 41 40 40 40 40 40 41 39 38 35 36 35 37 37 38 38 38 38 38 37 38 37 37 37 38 38
camera 50 35 38 37 39 37 38 37 38 37 39 38 38 35 36 35 38 42 46 45 46 45 46 45 46 45 46 46 46 45 46 45 45 45 46 45 45 44 45 44 44 44 44 43 43 42 43 44 43 43 44 43 44 43 44 44 44 43 44 43 45 43 45 43 45 44 46 45 47 45 46 46 46 45 44 42 43 43 43 42 43 42 43 41 42 42 42 41 42 42 42 41 41 41 42 42 42 41 41 40 41 40 41 40 40 40 40 40 41 39 38 35 36 35 37 37 38 37 38 39 38 37 37 37 38 37 38 37
camera 48 36 38 37 39 37 39 38 39 38 39 37 38 34 35 34 37 41 43 42 43 42 43 42 43 42 44 42 42 41 43 42 42 42 43 42 43 42 43 42 44 42 44 43 44 45 45 44 45 45 46 45 47 46 47 46 45 45 45 44 44 44 44 43 43 43 44 43 44 43 44 43 44 42 43 43 43 43 44 43 45 43 44 43 44 43 44 44 46 44 46 45 45 44 45 44 46 45 46 44 45 44 45 44 44 43 44 43 44 43 40 36 36 35 37 37 37 37 38 37 37 37 37 36 37 36 37 36
camera 76 35 37 36 37 37 38 37 38 36 38 37 37 34 35 34 37 39 42 41 41 41 43 42 42 42 43 42 42 42 42 42 42 43 43 42 44 42 43 43 45 44 46 46 47 47 48 47 48 47 48 48 50 48 49 48 49 48 49 49 51 48 49 48 49 49 51 51 53 53 55 56 56 56 56 55 55 55 55 57 55 55 54 54 54 54 55 54 56 55 56 55 56 56 57 57 58 58 60 60 61 60 60 60 60 59 59 58 60 56 47 39 38 38 43 44 46 45 46 45 45 44 45 43 43 42 43 41
camera 76 36 37 36 37 36 38 39 38 37 38 37 37 34 35 33 37 40 43 42 43 42 43 41 43 42 43 43 44 42 43 41 43 42 43 42 44 43 44 43 45 46 47 47 49 49 50 51 51 50 51 51 52 52 53 54 54 55 55 55 55 54 54 54 54 53 54 54 55 54 57 57 58 58 59 58 59 59 60 58 59 60 61 62 63 64 65 64 66 65 66 65 66 65 65 64 64 64 64 63 63 62 62 62 62 61 59 60 60 58 48 40 39 39 44 45 46 45 46 47 46 44 45 44 44 43 43 42
camera 76 35 37 36 38 36 38 36 39 36 38 36 37 34 35 34 38 40 42 42 43 41 43 42 44 42 43 43 44 42 44 43 44 43 45 44 45 44 46 46 48 48 50 50 52 52 53 53 54 54 55 55 56 55 55 55 55 55 56 55 54 53 52 52 52 51 54 54 57 57 61 62 63 62 62 61 62 61 61 59 60 61 61 62 62 63 65 65 66 65 65 65 65 64 64 64 63 63 63 62 62 62 61 61 61 60 60 59 60 58 48 39 39 39 44 45 46 45 46 46 45 44 45 43 44 43 43 42
camera 75 36 37 36 36 36 37 36 38 37 38 37 37 35 35 35 37 41 42 42 43 43 44 43 44 44 46 45 47 46 47 45 47 47 48 48 51 49 51 51 53 52 54 53 55 54 54 54 55 54 55 54 56 55 56 56 58 57 57 56 57 57 58 58 60 61 65 65 64 63 64 65 62 60 61 60 59 60 62 60 62 63 64 65 67 68 67 66 67 66 66 66 67 65 65 64 65 64 64 63 64 62 63 62 62 61 60 60 60 57 48 39 39 39 44 46 46 46 46 47 46 45 45 44 44 43 43 41
camera 76 36 37 36 37 36 38 37 38 37 38 37 37 35 36 35 38 42 44 44 45 46 47 46 48 47 48 48 49 49 50 49 50 50 52 51 53 52 53 52 54 54 55 55 58 56 58 57 58 58 58 56 56 54 55 55 55 56 57 58 60 61 62 61 62 61 61 60 59 58 60 62 64 63 64 64 67 68 71 70 69 70 69 68 68 68 67 65 67 66 66 65 66 64 65 65 65 64 63 62 63 63 62 61 62 61 60 60 60 57 48 39 39 39 45 46 46 45 47 45 46 45 46 44 44 44 43 42
camera 75 35 37 36 38 37 38 37 38 38 39 38 38 36 36 35 39 45 48 48 49 48 50 50 51 51 53 53 55 54 55 53 55 54 55 55 56 55 56 56 56 54 53 51 51 50 51 51 55 56 59 58 59 58 59 60 61 61 63 62 64 64 66 66 70 70 73 73 73 71 73 73 73 72 72 71 71 70 72 70 70 70 69 69 68 69 68 67 67 66 67 66 66 64 66 64 65 65 64 64 64 64 62 63 62 61 60 60 61 57 49 40 40 39 44 46 46 46 46 45 46 45 46 44 44 43 43 42
camera 77 36 39 38 39 38 40 38 40 39 41 39 39 36 37 36 41 49 53 53 53 53 53 53 53 51 53 52 52 49 48 47 48 48 50 51 53 53 56 56 58 57 60 60 62 64 65 65 67 68 69 68 69 69 69 70 70 71 70 70 71 70 71 72 73 73 75 74 74 72 74 74 74 73 73 72 72 72 72 71 70 70 69 69 68 68 68 67 67 66 67 66 66 65 65 65 66 64 65 63 64 63 64 62 62 61 61 60 61 58 49 40 40 40 44 45 47 46 47 46 46 46 46 45 44 43 43 42
camera 78 38 39 38 40 39 41 41 41 41 41 40 40 36 37 35 39 43 46 46 48 47 50 50 53 53 57 58 60 59 62 61 63 63 64 64 65 64 65 64 66 65 66 66 67 68 67 67 67 68 68 68 69 70 70 70 70 70 70 70 71 70 71 71 73 72 73 74 73 71 74 73 73 72 73 72 71 71 71 70 70 70 69 68 67 68 67 66 67 67 67 65 66 65 65 64 64 64 65 63 63 62 62 61 61 60 61 60 60 57 48 40 40 39 44 46 46 45 46 46 46 44 45 44 44 43 43 43
camera 75 37 38 37 39 38 39 39 41 40 42 43 41 37 38 37 43 55 59 60 60 60 62 61 62 60 62 62 64 62 64 63 64 64 64 65 66 66 66 65 67 66 67 66 68 66 68 67 69 69 70 69 70 69 70 70 71 70 71 70 72 71 72 72 73 72 74 74 73 73 75 74 74 73 72 72 72 73 72 71 71 71 69 69 69 69 68 67 67 67 67 67 67 64 66 65 65 65 65 63 64 62 63 62 62 61 61 60 61 57 48 39 39 39 44 46 47 46 47 46 46 45 46 45 45 44 44 43
camera 80 41 43 42 43 43 44 44 45 45 45 44 42 37 37 37 43 54 59 59 60 60 61 60 61 60 63 62 64 62 64 61 63 63 64 64 65 64 65 64 66 66 67 66 67 67 67 67 68 68 68 68 69 69 69 70 70 70 70 69 70 70 71 72 73 72 74 73 73 72 74 73 73 72 72 72 72 72 72 70 70 70 69 68 68 68 68 67 67 66 65 66 66 65 65 65 65 64 64 63 64 62 62 63 62 61 60 60 60 58 48 41 39 39 44 46 46 46 46 45 46 45 45 44 44 43 43 41
camera 78 41 43 42 44 42 44 42 44 44 45 44 42 37 37 37 43 54 59 59 60 60 61 61 61 60 62 62 63 62 63 63 63 63 64 64 64 64 65 65 66 66 67 66 67 66 67 67 68 68 69 68 69 69 70 69 71 70 70 70 71 70 72 71 73 72 75 73 74 72 74 73 74 73 71 72 72 71 71 70 70 70 69 69 68 68 68 68 67 66 66 66 66 65 65 65 65 64 64 63 64 62 63 61 61 61 60 60 61 58 48 40 40 39 44 46 47 46 46 46 46 45 46 44 44 43 44 43
camera 81 41 42 42 43 42 44 44 44 44 45 44 42 37 37 37 42 54 59 59 60 60 61 61 60 59 62 61 63 62 64 62 63 63 64 64 65 64 65 64 67 66 67 66 67 67 67 67 69 68 69 68 70 69 70 70 71 70 70 70 71 71 72 71 72 72 74 73 74 73 74 74 73 73 73 73 72 72 72 70 70 70 69 68 68 68 68 67 68 66 67 66 67 64 65 65 66 64 65 63 63 62 63 62 61 61 61 61 61 58 48 40 39 40 44 46 46 46 47 46 46 45 46 44 44 44 44 42
camera 79 41 42 42 43 42 43 43 44 44 45 43 42 37 37 37 43 55 59 59 60 60 61 60 60 59 62 61 63 62 63 62 63 62 64 64 64 64 65 64 66 65 67 66 67 66 67 67 68 68 68 68 70 69 69 69 70 70 69 69 70 69 71 71 73 72 73 74 73 72 74 73 73 72 72 71 72 71 71 70 70 69 69 68 69 68 68 67 67 65 67 65 65 65 65 64 65 64 64 63 62 62 62 62 62 61 61 60 60 58 48 40 39 40 44 46 46 45 46 46 46 45 46 44 43 43 43 42
camera 78 41 42 42 44 42 44 43 44 44 45 44 42 38 38 36 43 54 59 59 61 60 62 60 62 60 65 62 63 62 64 63 64 63 64 64 66 65 66 65 66 66 66 66 67 67 67 68 68 68 68 69 69 69 70 70 71 70 71 70 72 71 72 71 73 72 75 74 74 72 74 74 74 73 73 72 72 72 72 71 71 71 70 69 68 68 68 67 67 67 66 66 66 65 66 66 65 64 64 64 64 63 63 63 62 61 61 61 61 58 49 40 39 39 45 46 47 46 47 45 46 45 47 45 45 44 44 42
camera 81 41 42 42 43 42 44 43 44 44 45 44 42 37 38 36 43 54 58 59 60 60 61 60 61 59 63 61 63 62 63 61 64 63 67 64 65 64 65 65 66 65 65 65 67 67 67 67 68 68 68 68 69 69 69 70 70 70 70 69 71 70 71 71 73 72 75 74 74 72 74 73 73 72 73 71 71 71 71 69 70 70 69 69 67 68 68 67 67 66 66 65 66 65 65 65 65 64 64 63 64 64 62 62 61 61 60 60 61 58 48 40 40 39 45 46 46 45 47 45 46 45 46 44 44 43 44 42
camera 80 41 42 42 44 42 44 43 44 44 45 43 42 37 37 38 43 54 59 59 60 60 61 60 61 60 62 62 64 62 62 62 64 64 64 64 65 64 65 65 66 65 67 66 67 68 68 67 68 68 69 68 69 69 69 70 70 70 70 70 71 70 71 71 73 73 74 74 74 73 73 74 73 72 73 72 71 71 72 70 70 71 69 69 68 68 68 66 68 66 67 66 66 64 65 65 65 64 64 62 63 62 62 62 61 61 61 59 61 58 49 40 40 39 44 47 47 46 47 46 46 45 46 44 44 43 43 43
camera 80 41 43 42 44 42 44 43 44 44 45 44 42 38 37 37 42 55 59 59 60 61 61 60 61 60 62 62 63 62 64 62 64 63 64 64 66 64 66 65 68 66 67 66 67 68 68 68 68 68 69 68 69 69 70 70 70 70 71 71 71 71 71 72 73 72 75 73 74 72 74 74 74 73 73 73 72 72 72 71 70 71 70 69 69 68 68 68 68 67 67 67 66 65 65 65 65 65 64 64 64 63 63 62 62 61 60 60 61 58 48 40 40 39 44 45 47 46 46 46 46 45 45 44 44 43 44 42
camera 78 41 43 42 43 42 44 43 45 44 44 43 42 37 37 37 43 54 59 58 60 59 62 61 61 60 62 61 63 61 62 62 63 64 64 65 65 64 65 65 66 66 66 67 67 67 67 67 67 68 68 69 69 69 69 69 70 70 70 70 71 70 71 71 73 72 75 73 73 72 74 73 74 73 73 72 72 71 72 70 70 70 69 69 68 68 67 67 67 66 67 66 66 65 65 64 64 64 64 65 64 63 62 62 61 61 60 60 61 58 48 40 40 40 45 45 46 46 46 46 46 45 46 44 45 43 44 42
camera 80 41 42 42 43 43 44 43 44 45 45 44 42 38 37 37 43 55 60 59 61 60 62 61 62 60 63 62 65 62 63 62 64 64 65 65 66 65 66 65 66 65 67 66 68 67 68 68 69 68 70 69 69 69 70 70 71 71 71 71 71 71 72 71 73 73 74 74 74 73 74 74 74 73 73 72 73 72 72 71 71 70 70 69 69 69 68 67 67 66 67 66 67 65 66 65 65 65 65 63 63 62 63 62 62 62 61 61 60 58 49 40 40 40 44 46 46 46 46 45 46 45 46 45 44 44 44 43
camera 79 40 42 41 43 42 44 43 44 44 45 44 42 36 38 37 43 54 60 59 60 59 61 60 62 60 62 62 63 61 63 62 64 64 64 64 65 65 65 64 65 66 66 66 67 67 67 67 67 68 69 68 69 69 70 69 71 71 70 70 71 70 71 71 74 71 74 73 73 72 73 73 74 72 73 72 72 71 72 70 69 70 69 69 68 68 68 67 67 66 66 65 66 66 65 65 64 64 63 62 63 63 62 63 62 61 60 60 61 58 48 40 40 39 44 46 47 45 47 46 47 44 46 44 44 43 44 42
camera 79 38 41 40 41 40 42 41 42 40 42 41 40 37 37 36 40 47 52 52 53 54 56 56 59 59 62 61 63 62 64 62 63 65 64 64 65 65 65 65 66 66 67 66 67 67 67 67 68 68 69 68 69 69 70 70 71 70 70 70 71 70 72 72 73 71 74 74 77 72 74 73 73 72 72 72 71 71 72 70 70 70 69 69 68 68 68 67 67 67 67 66 66 65 65 65 65 65 64 63 63 62 62 62 62 61 61 61 60 58 49 40 40 39 44 46 46 46 47 45 46 44 46 45 45 44 44 43
camera 77 39 41 40 42 41 42 41 43 43 43 42 41 37 37 36 41 50 53 52 53 53 54 53 54 52 54 54 55 54 56 55 57 58 60 61 64 65 66 65 67 66 67 66 66 67 68 67 68 68 69 68 69 69 70 70 71 71 71 70 70 70 72 72 73 72 75 74 75 72 74 74 74 72 73 72 74 72 72 71 71 70 69 69 69 69 69 67 67 67 67 66 66 65 65 65 66 65 65 63 62 62 63 62 62 62 61 60 60 58 49 40 39 40 45 46 47 46 47 46 46 45 46 45 45 43 44 42
camera 77 39 41 41 42 40 42 41 43 42 43 42 41 37 38 36 42 50 55 54 55 55 57 55 56 55 57 56 57 56 58 56 57 57 58 60 62 63 65 64 66 65 67 65 67 67 66 67 67 67 68 68 69 68 69 70 70 69 70 70 70 70 70 71 73 72 74 73 73 72 74 73 73 72 73 72 72 71 72 70 70 69 69 68 68 68 68 67 67 67 66 65 65 64 65 64 65 63 64 63 63 62 62 62 62 60 60 60 61 58 48 40 39 40 45 45 46 46 47 46 46 44 45 44 44 43 44 42
camera 77 38 40 41 41 41 42 41 42 42 43 42 41 37 37 36 42 52 56 57 57 58 59 58 59 58 61 61 62 62 64 62 64 63 64 63 65 64 67 65 67 66 67 66 67 67 67 67 68 68 69 68 69 69 69 70 71 70 70 70 71 71 71 71 73 73 75 74 74 73 73 74 73 73 73 72 72 72 72 70 71 69 70 69 68 68 69 67 67 66 67 66 66 65 66 65 65 64 65 64 64 62 62 62 62 61 61 61 61 58 48 40 39 43 44 47 47 46 46 46 46 44 46 45 44 43 43 42
camera 75 37 39 39 40 39 41 40 42 42 43 42 42 37 37 36 42 53 59 58 59 60 61 60 61 60 61 62 62 62 62 62 63 63 64 63 65 64 65 64 66 65 66 65 66 66 66 66 67 67 68 68 68 68 69 69 69 70 70 69 70 69 70 70 72 71 74 73 73 71 74 73 73 71 72 71 71 71 72 70 70 70 69 68 68 67 68 66 67 66 66 65 66 65 65 64 64 64 64 62 62 62 63 62 62 61 60 58 61 58 48 40 40 39 44 45 47 46 46 46 47 45 46 45 45 43 43 42
camera 77 36 38 37 39 38 39 38 39 39 40 39 39 37 37 36 42 52 56 55 57 57 59 59 59 58 61 61 62 61 63 62 63 63 64 64 65 64 66 65 66 65 66 65 67 67 67 66 68 67 68 67 69 69 69 69 69 69 70 69 70 70 71 71 72 71 73 72 73 72 72 73 73 72 72 71 71 71 71 70 70 70 69 69 67 68 68 66 68 66 67 65 66 65 65 65 65 65 64 63 64 62 62 62 62 60 61 60 60 57 49 39 40 40 44 46 47 46 47 45 46 44 46 44 44 43 43 43
camera 76 36 37 36 37 36 38 37 38 37 39 38 38 36 37 36 39 43 47 47 49 50 52 51 54 53 57 57 60 59 60 60 61 61 62 62 64 63 65 64 65 66 66 65 66 66 67 67 67 69 68 67 69 69 69 69 70 70 69 69 70 70 71 71 72 71 73 73 72 71 73 73 72 71 72 71 71 70 71 70 69 69 68 68 66 67 68 66 67 66 66 65 65 65 65 64 65 65 64 63 63 62 62 62 62 62 60 60 60 58 48 40 40 39 44 46 46 45 47 45 46 44 45 44 44 44 43 42
camera 76 35 37 36 37 36 36 36 37 37 38 37 37 35 35 35 37 41 42 42 42 42 43 42 44 43 45 44 46 45 47 46 48 47 50 50 53 54 58 57 60 60 62 61 63 63 64 64 65 65 66 66 68 67 68 68 69 69 69 69 69 69 69 70 72 71 73 72 72 70 71 72 72 71 71 70 70 70 70 68 69 69 68 67 66 67 67 66 66 64 65 64 65 63 65 63 64 62 63 62 62 62 62 61 61 59 59 60 59 57 47 39 39 40 44 45 46 45 46 45 46 45 45 44 44 43 43 42
camera 74 35 37 36 37 35 37 35 37 36 37 36 37 35 35 34 37 39 42 41 42 41 42 41 42 41 46 42 43 42 42 41 43 42 42 42 43 42 43 43 43 42 42 43 44 44 45 46 48 49 51 53 56 59 61 63 64 65 66 66 67 67 68 68 70 69 73 71 72 70 72 71 72 71 71 70 70 69 70 69 69 69 67 67 67 67 67 66 67 65 65 64 64 64 64 64 64 63 62 62 62 62 61 61 61 60 61 59 60 56 48 39 39 39 45 45 46 45 46 45 46 44 45 44 44 43 43 41
camera 73 34 36 36 36 35 36 35 36 36 37 36 36 34 35 34 36 39 41 41 42 40 42 41 42 41 42 41 42 41 41 41 42 41 42 40 42 41 42 41 43 41 42 42 44 44 44 44 46 45 46 44 44 43 43 43 44 44 45 45 46 46 47 46 47 47 48 50 52 54 58 61 65 64 67 67 68 67 68 66 66 67 66 65 66 65 67 65 65 64 65 63 64 62 64 62 64 62 62 60 61 61 61 60 60 59 59 59 59 57 47 39 38 39 44 45 45 45 45 45 45 44 45 44 44 43 44 42
camera 75 35 36 35 36 35 37 36 37 37 37 36 37 34 35 34 37 39 41 41 43 41 42 41 42 41 42 41 43 41 42 41 42 41 42 41 43 41 43 41 43 42 43 41 43 42 43 42 43 42 43 42 42 42 43 42 43 43 44 44 45 46 47 49 50 50 51 51 51 49 50 47 49 48 49 47 49 48 49 47 48 48 48 48 49 48 50 50 53 54 57 58 61 61 62 61 62 61 61 60 60 60 60 60 59 59 58 58 58 56 47 38 38 39 43 45 45 45 46 44 45 44 44 43 43 42 43 44
camera 77 37 40 39 39 39 41 40 40 40 40 38 37 35 35 34 38 41 43 43 42 42 43 42 42 42 42 42 42 42 42 42 42 42 42 42 42 41 43 42 43 42 43 42 44 42 43 42 43 42 43 43 44 43 44 43 43 42 43 43 44 43 44 43 44 43 44 44 43 42 43 43 44 43 43 43 43 44 46 46 48 48 49 49 49 48 48 47 48 47 47 47 47 46 47 47 48 47 47 47 48 46 47 47 47 47 49 49 53 51 45 38 38 37 43 44 45 44 45 44 44 43 44 43 43 41 42 41
camera 78 39 41 39 41 40 43 41 43 41 42 41 39 35 37 35 40 49 51 50 50 49 48 47 48 45 46 45 45 44 43 43 44 42 43 42 43 41 42 42 43 45 43 42 43 42 43 42 43 41 43 43 43 42 44 43 43 42 43 42 44 43 44 43 44 42 44 42 43 42 44 43 44 43 43 43 43 43 43 43 43 43 43 42 42 42 42 41 42 43 42 42 43 42 42 43 44 44 46 45 46 45 45 44 45 44 45 44 45 43 40 36 37 36 38 39 40 39 41 39 40 39 41 39 40 39 41 39
camera 54 39 42 42 43 42 44 42 44 42 44 42 41 36 37 36 42 52 57 56 57 56 57 55 55 53 53 51 51 49 49 48 48 48 47 46 46 45 45 44 45 44 44 43 44 44 44 43 44 43 43 43 44 43 44 43 43 43 44 43 44 43 44 43 44 43 44 44 44 42 44 43 43 43 43 43 44 43 44 43 42 42 43 42 42 42 42 41 42 42 42 42 42 41 42 41 41 41 42 40 43 40 42 41 41 41 42 42 43 41 39 35 36 35 37 37 37 38 38 37 38 38 39 37 37 37 38 35
camera 53 40 43 42 44 43 44 43 44 44 45 44 42 37 37 36 42 53 59 58 58 58 59 58 58 56 57 56 55 53 53 51 51 51 50 48 48 47 48 47 47 45 46 44 45 44 45 43 44 43 44 43 44 43 45 43 44 44 44 43 45 44 45 43 44 43 45 44 45 43 45 44 44 43 43 43 43 43 43 43 43 43 43 42 43 42 42 42 43 42 42 41 42 41 41 41 42 41 42 41 41 40 42 40 41 41 41 41 41 40 38 35 36 36 38 38 38 38 38 38 38 37 38 38 38 37 38 37
camera 53 41 43 41 44 43 44 43 45 44 45 44 42 37 37 36 42 55 59 59 60 60 60 60 60 59 60 58 59 57 56 54 53 52 52 51 51 48 50 47 48 46 47 45 46 45 45 45 45 43 45 44 45 44 45 44 45 44 45 44 45 44 45 45 45 44 45 45 44 44 45 44 44 44 44 44 44 44 44 42 43 43 43 42 44 42 43 42 42 42 43 42 42 41 42 41 42 41 42 41 43 40 41 41 41 41 41 40 40 40 38 37 36 36 38 38 38 38 39 37 39 37 39 38 39 38 38 37
camera 55 41 43 43 44 43 45 44 45 45 46 44 43 37 37 36 43 55 60 60 61 61 62 61 62 60 62 61 62 59 59 56 56 55 53 52 51 49 50 48 48 47 45 46 47 46 46 45 46 45 44 45 45 45 45 45 46 45 45 44 45 44 46 45 45 44 46 44 45 43 45 44 45 44 45 44 45 43 44 43 44 43 44 42 43 42 43 42 43 42 42 42 43 41 42 40 42 41 42 41 41 41 41 40 41 40 41 40 41 39 38 36 36 36 37 38 38 38 39 39 38 38 39 38 38 37 38 38
camera 55 42 44 43 44 43 44 44 45 45 45 44 42 37 37 36 43 55 60 60 61 61 63 61 62 60 62 62 62 60 60 57 56 55 54 51 50 48 48 47 47 46 46 45 44 46 46 45 46 45 45 44 45 44 45 44 45 44 45 44 45 44 45 44 44 43 44 44 46 43 44 44 44 43 44 43 45 43 44 43 43 43 43 42 43 43 43 42 42 42 42 41 42 41 42 41 42 41 42 41 40 41 41 40 41 41 41 40 41 40 38 36 36 36 38 38 39 38 39 38 38 38 39 38 39 38 38 38
camera 56 42 44 43 44 43 45 44 45 44 45 45 43 37 37 36 43 56 61 61 62 61 62 61 62 60 62 59 59 58 58 55 55 52 52 49 50 48 48 46 47 46 46 45 46 45 44 45 45 44 46 45 45 44 45 44 45 44 44 44 45 44 45 44 44 43 45 44 44 43 45 44 44 43 44 43 44 43 45 43 44 43 43 42 43 42 43 42 43 42 43 41 42 42 42 42 42 41 42 40 42 41 40 41 41 41 41 41 42 41 38 36 36 36 38 39 39 38 39 38 39 38 40 38 39 38 40 38
camera 54 41 42 43 44 43 44 44 45 44 45 44 42 37 36 36 43 55 60 59 59 58 58 56 56 54 56 54 54 51 52 50 51 49 50 47 48 46 47 45 46 45 46 44 45 44 44 43 45 44 45 44 44 44 45 44 45 44 43 43 44 44 44 44 45 44 44 44 44 43 44 44 44 43 43 43 43 44 44 43 43 43 43 42 43 41 43 42 42 42 43 41 42 41 42 41 42 41 42 41 42 41 42 41 42 41 43 41 43 41 39 36 36 36 38 38 39 38 40 39 40 39 39 39 39 38 39 38
camera 55 40 43 43 44 43 44 44 45 43 45 44 42 36 36 36 41 50 54 52 53 52 53 51 52 48 51 49 50 48 49 48 48 46 47 46 46 45 46 44 45 44 44 43 45 43 44 43 44 45 45 44 44 44 44 44 44 44 45 44 45 44 44 44 45 44 45 44 45 43 44 44 44 43 44 43 43 43 44 43 44 42 43 42 42 42 43 41 43 41 42 41 42 42 42 42 43 42 43 42 43 42 44 43 44 44 44 44 44 43 40 36 37 37 38 39 40 39 40 39 39 40 40 39 39 38 39 38
camera 56 41 43 42 44 43 44 43 43 42 43 42 41 36 36 35 40 47 50 50 50 50 50 49 49 47 49 48 48 47 48 46 47 46 46 45 45 44 45 44 45 44 45 43 45 44 45 43 45 44 45 44 46 44 45 43 45 44 45 44 45 44 45 43 45 44 45 44 45 44 45 44 44 43 44 43 44 43 43 44 43 43 43 42 43 43 43 43 43 43 44 43 43 43 44 44 45 45 45 45 46 45 46 48 47 46 47 46 47 45 41 36 37 36 40 39 41 39 41 39 40 39 40 39 39 38 39 38
camera 54 40 41 41 42 41 41 41 41 40 41 40 39 35 36 36 39 45 48 48 48 47 48 48 47 46 48 46 47 45 46 45 45 45 45 44 45 43 45 43 45 44 44 43 44 44 44 43 44 44 45 44 45 44 44 44 45 44 45 44 45 44 45 44 45 43 45 44 45 43 45 44 44 43 44 42 44 43 44 43 44 44 44 43 44 44 44 44 45 45 46 46 47 46 47 46 47 47 49 47 47 47 47 47 48 47 47 46 47 45 41 36 37 36 39 40 40 39 40 40 40 39 40 39 39 38 39 38
camera 54 39 41 40 41 40 40 40 41 40 41 40 38 35 36 35 39 44 46 46 47 46 47 45 46 44 46 45 46 45 45 44 45 44 45 44 46 44 45 43 45 44 44 43 45 44 44 43 44 44 45 44 45 44 44 45 45 44 44 44 45 44 45 45 45 44 44 44 45 44 44 45 45 44 45 44 45 43 45 44 45 45 47 45 46 46 47 46 48 48 50 48 49 47 49 47 49 48 49 48 49 48 49 48 48 47 48 47 47 46 41 37 37 36 39 39 40 39 40 40 41 39 40 39 39 38 39 38
camera 54 37 40 39 40 39 41 39 41 40 41 39 39 35 36 35 38 43 45 45 46 45 47 45 45 44 45 45 45 44 44 44 44 45 45 44 45 44 44 44 45 44 44 44 44 43 44 43 44 43 44 44 45 44 45 44 45 44 45 44 44 44 45 44 45 43 45 44 45 43 45 44 45 43 45 44 45 45 45 46 46 47 47 47 47 48 48 48 49 48 49 48 49 48 49 47 49 48 49 48 48 48 48 47 48 47 47 46 47 45 41 37 37 36 39 40 40 40 40 40 40 39 40 39 38 38 39 38
camera 52 38 40 38 40 39 41 39 40 40 41 40 38 36 35 35 38 43 46 45 46 46 47 45 45 45 46 45 46 45 45 44 45 44 45 44 45 44 45 44 45 44 45 43 44 44 44 43 44 43 45 44 46 44 45 44 45 44 45 44 45 44 45 43 45 44 45 44 45 44 45 46 45 45 45 45 45 45 47 45 47 47 50 47 48 48 48 48 48 48 48 47 48 47 48 47 48 47 47 47 48 47 47 47 46 46 46 46 46 44 41 36 37 36 39 39 40 39 40 40 40 39 40 38 39 37 39 38
camera 52 39 40 40 41 39 40 40 41 39 41 39 39 36 35 35 39 45 47 47 47 46 47 46 47 45 46 46 47 45 46 45 45 45 46 45 46 44 45 44 45 43 45 43 45 44 45 43 45 43 45 44 45 44 45 44 44 45 44 44 45 44 45 44 45 45 45 45 45 43 44 44 44 45 45 44 45 44 45 45 46 46 46 46 47 47 47 46 47 46 47 46 47 46 47 46 47 45 47 46 46 46 47 45 45 44 45 44 45 43 40 36 36 36 38 38 39 38 39 38 39 39 38 38 38 37 38 37
camera 52 40 40 40 41 41 42 41 41 40 41 40 39 36 36 36 39 46 48 48 48 47 48 47 48 46 47 47 47 46 47 46 46 45 46 45 46 44 45 44 45 44 46 44 45 43 45 43 45 44 46 44 45 44 45 43 45 44 45 44 45 44 45 44 45 44 44 44 44 43 44 44 44 43 44 43 44 43 44 43 44 43 44 43 44 45 45 44 45 44 46 45 45 44 45 44 45 44 45 44 45 43 44 43 44 43 45 43 43 42 39 36 36 36 38 38 38 38 38 38 38 37 37 37 37 36 37 36
camera 53 42 42 42 43 42 43 42 43 43 43 42 40 36 36 35 40 47 51 50 51 50 51 50 50 49 50 49 49 48 49 48 48 47 47 47 47 46 47 46 46 45 46 45 45 45 45 44 46 45 46 45 45 45 46 45 45 45 45 44 44 44 45 44 45 44 45 44 44 43 44 44 44 44 44 43 44 43 44 43 43 43 43 42 43 42 43 42 43 41 43 42 42 41 42 42 43 41 43 42 42 42 42 41 42 41 41 41 41 40 39 36 36 35 37 37 37 37 37 37 37 37 37 36 36 36 37 36
camera 52 41 42 42 43 43 44 43 44 44 44 43 41 37 36 36 41 50 53 53 53 53 54 52 53 51 52 52 52 52 52 50 51 50 51 49 50 48 49 48 49 48 48 47 48 46 47 45 47 46 47 46 46 45 47 46 46 47 48 47 48 48 47 47 46 45 46 45 46 45 46 45 44 44 44 43 43 43 44 43 43 43 43 42 42 42 42 42 43 41 42 41 42 41 42 41 41 41 42 40 41 40 41 40 41 40 41 40 40 39 38 35 35 35 37 37 37 37 38 37 37 36 37 36 37 36 37 36
camera 53 41 43 43 45 43 44 44 45 44 45 44 41 37 37 36 43 55 59 59 58 58 58 56 56 55 56 55 56 54 55 54 54 54 54 54 56 53 54 52 53 51 52 50 51 49 49 48 48 48 48 48 47 46 46 45 46 45 46 45 46 45 47 45 48 48 49 49 51 48 49 48 48 48 48 47 48 46 46 46 45 44 43 43 42 42 43 42 42 41 42 41 41 41 41 41 42 40 41 41 42 41 41 39 41 40 40 40 41 39 38 35 36 35 37 37 38 37 38 38 38 37 37 36 36 36 37 37
camera 54 41 43 43 44 43 45 44 45 45 46 44 43 37 38 37 43 55 61 60 61 61 63 61 62 61 63 62 64 61 61 60 60 60 59 58 58 57 58 57 58 58 58 57 57 57 57 56 57 56 56 55 54 53 53 52 52 51 53 50 51 50 50 48 49 47 48 46 46 45 46 45 47 47 48 48 49 49 51 50 50 51 50 48 48 48 47 46 45 43 43 41 42 41 41 41 41 41 42 41 42 40 41 41 41 40 41 40 41 39 37 36 36 36 37 37 38 37 38 37 38 36 37 36 37 36 38 36
camera 55 41 44 43 45 44 45 44 44 45 46 45 43 38 38 37 43 56 60 60 61 61 62 62 62 61 64 63 64 64 64 64 64 65 65 65 66 65 66 65 67 65 65 63 64 63 63 62 64 62 64 62 64 62 62 62 63 61 61 59 59 58 58 57 58 55 57 55 55 54 55 54 53 52 52 50 49 48 46 45 44 44 45 44 46 46 48 47 49 49 50 49 49 47 46 44 44 41 42 41 41 41 41 40 41 40 41 40 40 39 38 36 36 36 38 37 38 37 38 37 38 36 38 37 38 36 37 36
camera 54 42 44 44 44 44 45 44 45 45 46 45 42 38 37 37 44 57 61 61 62 62 63 62 64 62 65 64 65 65 65 64 65 66 66 66 67 66 68 65 68 67 68 67 68 68 68 66 68 68 68 68 69 68 68 67 68 67 67 67 67 66 67 66 68 66 67 66 65 63 64 64 62 61 61 60 59 58 58 57 57 56 55 54 54 53 53 50 49 47 47 45 46 44 45 43 44 43 43 42 42 41 41 40 41 40 41 40 42 39 39 36 37 35 37 37 39 37 38 38 38 37 38 37 37 36 37 37
camera 54 42 44 44 44 44 45 44 45 46 46 45 42 38 38 37 44 57 61 61 61 62 63 63 63 62 64 64 66 64 65 64 65 66 66 66 66 66 67 66 67 67 68 67 69 68 68 68 69 68 69 69 71 69 70 70 70 70 70 69 70 69 70 69 70 69 70 70 69 68 70 69 69 67 67 66 65 65 65 64 62 63 61 60 60 59 59 58 58 57 57 56 56 55 55 55 54 51 49 45 44 42 42 42 42 41 41 41 41 40 38 37 37 36 38 38 38 37 38 38 38 37 38 37 38 37 37 36
camera 54 42 44 44 45 44 46 44 46 46 46 45 43 38 38 38 44 56 61 61 62 62 64 62 64 62 64 64 65 64 66 65 65 66 67 66 67 67 67 67 68 68 68 67 69 72 69 68 69 69 71 69 71 70 71 71 72 71 71 70 71 72 72 72 73 71 74 73 72 71 72 72 71 70 70 69 69 69 69 67 68 67 66 66 65 64 64 62 62 61 61 61 61 60 60 59 60 59 59 57 57 53 51 47 45 43 43 42 42 41 39 36 38 37 38 38 39 38 39 38 39 37 38 38 38 37 38 37
camera 55 42 44 44 45 44 46 45 46 46 47 46 42 38 38 37 44 57 61 62 62 62 64 67 64 62 65 64 66 65 66 65 66 66 66 67 68 67 68 66 68 68 69 68 69 69 69 69 70 70 71 70 71 70 71 72 72 72 71 71 72 72 73 74 74 73 75 74 74 73 74 75 74 72 72 71 71 70 71 68 69 69 67 67 67 66 67 64 65 64 65 63 65 62 62 61 62 61 61 60 61 59 60 59 59 56 54 52 50 46 42 38 37 37 39 39 38 38 39 39 39 38 38 38 37 37 38 37
camera 54 42 44 44 45 44 45 45 46 46 47 46 43 38 38 37 44 56 61 61 62 62 64 62 64 62 64 64 65 64 65 65 66 66 67 65 67 66 68 66 68 68 68 66 69 69 67 68 70 69 70 69 70 70 70 71 71 71 71 72 72 71 72 72 74 73 75 75 74 73 75 74 74 72 72 72 72 71 72 70 69 69 68 67 67 67 68 65 66 65 65 64 64 63 62 62 63 62 62 62 62 61 61 61 60 59 58 57 56 53 45 38 38 38 41 42 42 41 41 41 41 40 40 38 39 38 38 37
camera 53 42 44 45 45 45 45 45 46 46 47 47 44 38 38 38 44 57 62 63 63 63 64 64 64 63 65 65 66 65 66 65 66 67 67 67 68 67 68 67 68 68 69 67 69 69 70 69 71 70 71 70 71 71 70 72 73 72 72 72 73 72 72 73 74 73 75 75 75 74 75 75 74 74 74 73 73 72 72 70 70 70 70 69 68 67 69 67 67 66 66 65 65 64 64 64 65 64 64 62 63 63 64 62 62 61 60 58 58 55 46 39 39 39 42 40 39 38 37 37 37 36 37 37 37 36 36 36
camera 54 42 44 44 45 44 45 45 46 45 46 45 43 38 38 37 44 56 62 61 62 62 64 63 64 62 65 63 66 64 65 65 66 65 66 66 67 66 70 67 68 67 68 67 69 69 67 69 70 69 70 70 70 70 70 71 71 71 71 71 72 72 72 72 73 72 74 74 74 72 75 74 74 72 73 71 72 71 72 70 70 70 69 68 68 67 67 66 67 65 66 64 65 64 64 63 64 63 64 62 63 62 63 62 61 60 60 59 59 57 47 39 39 39 43 44 44 42 39 37 38 37 38 37 37 36 37 36
camera 55 42 44 44 45 44 46 45 47 46 46 45 43 38 38 37 45 57 62 62 62 62 64 63 64 63 65 65 66 65 65 65 65 66 67 66 67 67 68 67 68 68 68 68 69 69 69 69 69 70 71 71 70 71 71 71 72 72 72 71 72 71 73 76 74 73 75 74 74 73 74 73 74 73 73 72 72 71 72 69 70 70 69 68 68 67 67 66 67 66 66 65 66 64 65 64 65 63 64 62 63 62 62 62 62 60 60 60 60 57 48 40 38 39 43 45 44 42 39 38 38 37 38 38 37 37 37 36
camera 54 42 44 44 46 45 46 45 46 46 46 45 43 39 38 37 44 57 61 61 63 63 64 63 64 63 65 65 66 65 66 65 66 66 67 66 67 67 68 67 69 69 69 68 69 69 69 69 69 70 71 71 71 71 71 71 72 71 71 72 72 71 72 72 73 72 75 74
