camera 87 47 48 50 62 80 70 59 50 43 43 41 42 41 42 41 42 43 45 46 47 46 45 43 50 63 75 79 88 89 92 91 91 93 96 94 93 93 94 93 93 94 96 95 95 97 97 96 100 105 106 116 113 70 63 62 60 58 58 57 57 49 52 56 55 49 45 46 46 46 49 50 51 50 52 79 84 62 44 41 41 41 45 52 49 47 54 46 50 52 48 46 47 45 47 46 47 47 47 43 43 43 46 46 47 45 48 44 47 43 47 55 53 48 49 47 48 47 48 46 47 44 40 40 45 46 46 45
camera 85 47 48 50 62 81 70 58 49 43 42 41 42 42 42 41 42 43 45 46 46 46 46 43 50 64 75 80 88 90 92 90 91 93 96 94 93 93 94 92 93 94 96 95 96 96 96 96 100 105 106 116 113 70 62 62 60 58 58 56 58 49 52 56 55 48 45 45 47 46 49 50 51 50 52 79 85 62 44 41 41 41 44 51 49 47 55 46 50 52 48 47 46 45 47 47 48 47 47 43 43 43 46 46 47 45 48 44 47 44 47 55 54 48 49 47 48 47 48 47 47 45 40 40 45 46 46 45
camera 85 47 48 49 62 80 70 59 50 43 43 41 42 42 42 41 42 43 46 46 47 46 45 43 50 64 75 80 88 89 91 91 90 93 96 94 93 93 94 93 93 94 96 95 95 96 96 96 100 105 106 116 113 70 63 63 60 58 58 56 58 50 52 57 55 49 46 46 47 46 49 50 51 50 52 79 85 63 44 41 41 41 45 52 49 48 55 46 50 52 48 47 47 45 47 46 48 47 47 43 43 42 45 46 47 45 47 44 47 44 47 54 53 48 48 47 47 47 48 46 47 44 40 40 45 46 46 45
camera 87 46 47 50 62 81 70 59 50 43 42 41 42 41 42 41 42 42 45 46 47 45 45 44 50 64 75 80 87 89 92 91 91 93 95 95 94 93 94 93 93 95 97 95 95 96 96 96 100 106 106 117 113 70 64 63 61 59 59 57 58 49 52 56 55 49 45 45 46 46 49 50 50 50 52 79 84 62 44 40 41 41 44 52 49 47 54 46 50 52 48 47 47 45 46 47 47 47 47 43 43 43 46 46 47 45 48 45 47 44 47 55 54 48 49 47 48 47 48 47 47 44 41 41 46 46 47 46
camera 84 47 48 50 62 81 70 58 50 43 43 41 42 41 42 41 42 42 45 46 47 45 45 44 50 63 75 79 87 89 92 91 91 93 96 94 93 93 94 92 93 94 96 95 96 96 96 96 100 105 106 116 113 70 62 63 60 58 58 57 58 49 52 56 55 49 45 46 47 45 49 49 51 50 51 79 85 62 44 41 41 42 45 52 49 47 54 46 50 52 48 46 47 45 47 47 48 47 47 43 43 43 46 46 47 45 48 45 47 44 47 55 54 48 48 47 48 47 47 46 47 44 40 41 45 46 46 45
camera 85 46 47 50 62 81 70 58 49 43 42 41 42 41 42 40 42 42 45 46 46 45 45 43 50 64 75 80 88 89 91 90 91 93 95 94 93 93 95 92 93 94 96 95 95 97 96 96 100 105 106 116 113 70 63 62 61 59 58 57 58 49 51 56 55 48 45 45 47 46 48 50 51 50 51 79 85 63 44 40 41 41 44 51 49 47 54 46 50 52 48 46 47 45 47 46 47 47 48 43 43 43 46 46 47 45 47 44 47 44 48 55 54 48 48 47 47 47 48 46 47 44 40 41 45 46 47 46
camera 86 47 48 50 61 81 70 59 50 43 43 41 43 42 42 41 42 43 45 46 47 45 45 43 50 64 75 79 88 90 92 90 90 93 95 94 93 93 94 93 93 94 96 95 95 97 96 96 101 105 106 116 113 70 63 63 60 59 59 57 58 49 51 56 55 49 45 46 46 46 49 50 51 50 52 79 85 63 44 41 41 41 44 52 49 47 55 46 51 52 48 47 47 45 47 47 47 47 48 43 43 43 45 46 47 45 47 44 47 44 47 54 53 48 49 47 47 47 48 47 47 44 40 40 45 46 46 45
camera 87 47 48 49 62 81 70 58 50 43 42 41 42 41 41 41 42 42 45 46 47 46 45 43 50 63 75 80 87 90 91 90 91 94 96 95 93 94 95 93 94 94 96 96 96 97 96 96 101 105 106 116 113 70 63 63 60 58 58 56 58 49 52 57 55 49 45 46 46 46 49 50 51 50 51 78 85 62 44 40 40 41 45 52 49 47 54 46 50 52 48 46 47 45 46 47 48 47 47 43 43 43 46 46 47 45 48 44 47 44 47 55 54 48 49 47 48 48 48 46 47 45 40 41 46 46 47 46
camera 84 46 48 50 62 80 70 59 50 43 43 41 42 41 42 41 42 43 46 46 46 46 45 43 51 64 75 80 88 89 91 90 91 93 96 94 93 94 94 93 93 94 96 95 95 96 96 96 100 105 106 116 114 70 63 62 61 58 57 57 58 49 51 56 55 49 46 46 47 46 49 50 51 50 51 79 85 62 45 41 41 41 45 52 50 48 55 46 51 53 48 47 46 45 47 47 47 47 47 43 43 43 46 46 47 45 47 44 47 44 47 55 54 48 48 48 48 47 48 46 46 44 40 40 45 46 46 45
camera 85 46 48 49 62 81 70 58 49 43 42 41 42 41 41 40 42 43 45 46 47 46 45 43 50 64 76 79 88 90 91 90 91 93 95 94 93 93 95 93 93 94 96 95 95 96 96 96 101 105 106 116 114 71 63 63 60 58 58 56 57 50 52 57 55 49 46 46 47 46 49 50 51 50 51 78 85 63 44 41 41 41 44 51 49 47 55 46 50 52 48 47 47 45 46 46 47 47 47 43 43 43 45 45 47 45 48 44 47 44 47 55 54 48 49 47 47 47 48 47 47 44 40 40 45 46 46 45
camera 84 46 48 50 62 80 70 58 50 43 43 41 42 41 42 41 42 43 46 46 47 46 45 43 50 64 75 79 87 90 92 91 90 93 95 94 93 93 94 92 93 93 96 95 95 96 96 96 100 105 106 116 113 70 63 63 60 58 58 57 58 49 52 57 55 49 45 46 47 46 49 50 51 50 52 78 85 62 44 41 41 41 44 52 49 47 54 46 50 52 48 47 46 46 47 47 48 47 47 43 43 43 46 46 47 45 48 44 47 44 47 55 53 48 48 47 48 47 48 47 47 45 40 40 46 46 47 45
camera 86 47 47 50 62 81 70 58 50 42 43 41 42 41 42 40 42 42 45 46 47 45 45 43 50 64 75 79 88 89 91 90 90 93 95 94 94 94 95 92 93 94 96 96 95 97 96 96 100 105 106 117 113 71 63 63 60 58 58 57 57 49 52 56 56 49 45 46 46 46 49 50 50 50 52 78 85 62 44 41 41 41 44 51 49 47 55 46 50 52 48 46 46 45 47 47 47 47 47 43 43 43 45 46 47 45 47 44 47 44 47 55 54 48 49 48 48 47 48 47 47 44 41 41 45 46 46 45
camera 85 47 48 50 62 81 70 58 50 43 42 41 42 42 42 41 42 43 46 47 47 46 45 44 51 64 75 80 88 90 92 91 91 94 96 94 93 93 95 93 93 94 97 95 95 96 96 96 100 105 106 116 114 71 62 63 60 58 58 56 58 49 51 56 55 49 46 46 46 46 48 50 51 50 51 78 84 63 45 41 41 41 45 52 49 47 55 46 50 52 49 47 47 45 47 47 47 47 47 43 43 43 46 46 47 45 48 44 47 44 47 55 54 48 49 47 48 47 48 46 47 44 40 40 45 46 46 45
camera 85 47 48 50 62 80 70 59 50 43 42 41 42 41 42 41 42 42 46 46 47 46 45 43 50 64 75 80 87 90 92 90 90 93 96 94 93 93 94 92 93 94 96 95 95 97 96 96 100 105 106 117 114 71 63 62 60 58 58 57 57 49 52 57 55 49 46 46 47 46 49 50 51 50 51 79 85 63 44 40 41 41 44 51 49 47 54 46 51 52 48 47 47 45 46 47 47 47 47 43 43 43 45 46 47 44 47 44 47 44 47 55 53 48 48 47 48 47 48 47 47 44 40 40 45 46 46 46
camera 85 47 48 49 62 80 70 59 50 43 43 41 42 41 41 41 42 43 46 46 47 45 46 43 50 64 75 80 87 90 92 90 91 93 95 94 93 93 94 92 93 94 96 95 96 96 96 96 100 105 106 117 113 71 62 63 61 58 58 57 57 49 52 57 56 49 45 46 46 46 49 50 51 50 51 79 85 63 44 40 41 41 45 51 49 47 55 46 50 52 48 47 47 45 47 47 47 47 47 43 43 43 46 46 47 45 47 44 47 44 47 55 54 48 48 47 48 47 48 46 47 45 40 40 45 46 47 45
camera 87 47 48 50 62 81 70 58 49 43 42 41 42 41 42 41 41 42 45 46 47 45 45 43 50 64 75 79 87 90 92 91 91 93 96 93 93 93 95 93 93 94 96 95 96 97 96 96 101 105 106 117 113 70 63 64 60 58 58 57 57 49 52 57 56 48 46 46 47 46 49 50 51 50 52 79 85 62 44 41 41 42 45 52 49 47 55 46 50 52 49 47 47 45 46 47 47 47 47 43 43 43 46 46 47 45 47 44 47 44 47 55 54 48 48 47 48 47 48 46 47 44 40 41 46 46 46 45
camera 86 46 48 49 62 81 70 58 50 43 43 42 42 41 42 41 41 43 46 47 47 45 45 43 50 64 75 80 88 89 92 91 91 93 95 95 94 93 95 92 93 95 97 96 95 97 96 96 100 105 106 116 112 70 63 63 60 58 58 56 57 49 52 56 55 49 45 46 46 46 49 50 50 50 51 79 85 62 44 40 40 41 44 52 49 47 55 46 51 52 48 47 47 45 47 47 48 47 48 43 44 43 46 46 47 45 47 44 47 44 48 55 54 48 49 47 48 47 48 47 46 44 40 41 46 46 46 45
camera 87 46 48 50 62 81 71 58 49 43 42 41 42 41 42 41 42 43 45 46 47 45 45 43 50 64 75 80 88 89 92 91 91 93 95 94 93 93 95 93 93 93 96 95 95 96 96 96 100 105 107 117 112 70 63 63 60 58 58 57 58 49 53 57 55 49 46 46 47 46 49 50 51 50 52 79 85 62 44 40 41 41 45 52 49 47 55 46 51 52 48 47 46 45 46 47 47 47 47 42 43 43 46 46 47 45 47 44 46 43 47 55 53 48 49 47 47 47 48 46 47 44 40 40 45 46 46 46
camera 85 47 48 50 62 81 70 58 50 43 42 41 42 41 42 41 42 43 46 46 47 45 46 44 50 64 75 80 88 89 92 90 90 93 95 93 93 93 94 93 93 94 96 95 95 96 96 96 101 105 106 117 113 70 63 63 60 58 58 57 58 49 52 57 55 49 45 46 46 46 49 50 51 50 52 79 85 62 44 40 41 41 45 52 49 47 55 46 50 52 48 47 47 45 46 47 47 46 47 43 43 43 46 46 47 45 48 44 47 43 47 55 54 48 49 47 48 47 48 46 47 44 40 40 45 46 47 45
camera 85 47 48 50 62 80 70 58 49 42 42 41 42 41 42 41 42 43 45 46 46 46 45 44 50 64 75 80 88 89 92 90 91 93 96 94 93 93 94 92 93 95 96 95 95 96 96 96 100 105 106 117 113 70 63 63 60 58 58 56 58 49 52 56 55 48 45 46 47 46 49 50 50 50 52 79 85 62 44 41 41 41 45 52 49 47 54 46 50 52 48 47 47 45 46 47 47 47 47 43 43 43 45 46 47 45 48 44 47 43 48 55 53 48 48 47 48 47 48 47 47 44 40 41 45 46 46 46
camera 86 46 48 50 62 81 70 59 49 43 42 41 42 41 42 41 42 43 46 46 47 46 45 43 50 64 75 80 88 90 92 91 91 93 96 94 94 94 95 92 93 94 96 95 96 97 96 96 101 105 106 117 113 70 63 62 60 58 58 56 57 49 52 56 55 49 45 45 47 46 49 49 50 50 51 78 85 62 44 40 40 41 44 51 49 47 54 46 50 52 48 47 47 45 47 47 48 47 47 43 43 43 46 46 47 45 47 44 47 44 47 55 54 48 49 48 48 47 48 46 47 45 40 41 45 46 46 45
camera 87 47 48 50 62 80 70 58 50 43 42 42 42 41 42 41 42 43 45 46 47 45 45 43 50 64 75 79 88 90 92 90 90 93 95 94 93 93 94 92 93 94 96 95 95 96 96 96 100 105 107 117 113 70 63 62 60 58 58 57 58 49 53 57 55 49 46 46 47 46 49 50 51 50 51 79 85 62 45 41 41 41 44 52 49 47 54 46 51 53 49 47 47 46 47 47 47 46 47 43 43 42 46 46 47 45 47 44 47 44 47 55 54 48 48 47 47 47 47 46 47 44 40 40 45 46 47 45
camera 86 46 48 50 62 81 70 58 49 42 43 41 42 41 42 41 42 43 45 46 47 46 45 44 50 64 76 79 87 90 92 91 91 93 96 94 93 94 95 92 93 93 96 95 96 97 96 96 100 105 106 117 113 70 63 62 60 58 58 56 58 49 52 56 55 49 45 46 46 45 49 50 51 50 52 79 85 63 44 41 41 41 44 51 49 47 54 46 50 52 48 47 47 45 47 47 47 47 47 43 43 43 46 46 47 45 48 44 47 44 47 55 54 48 49 47 48 47 48 46 47 44 40 41 45 46 46 46
camera 86 46 48 50 62 81 70 58 50 43 42 41 42 41 41 41 42 43 45 46 47 45 45 44 50 64 75 80 88 89 91 90 91 93 95 93 93 94 95 93 93 94 96 95 95 96 96 96 100 105 106 116 113 70 63 63 61 58 58 56 58 50 52 56 55 49 45 46 47 46 49 50 51 50 52 79 85 63 44 40 40 41 44 51 49 47 54 46 50 52 48 47 47 45 47 47 47 47 47 43 43 43 46 46 47 45 47 45 47 44 47 54 54 48 48 48 48 47 48 46 47 44 40 40 45 46 46 45
camera 86 46 47 49 61 81 70 58 50 43 42 41 42 41 41 40 41 42 46 46 47 45 45 44 50 64 75 80 88 90 91 91 91 93 96 94 94 94 95 93 93 94 96 95 96 97 96 96 100 105 107 116 113 70 62 62 60 58 58 57 58 49 51 56 55 49 45 45 46 46 49 50 50 50 52 78 85 63 44 41 40 41 44 52 49 47 55 46 50 52 48 47 47 45 47 47 48 47 47 43 44 43 46 46 47 45 48 44 47 44 47 55 53 49 49 47 48 47 48 46 47 45 41 40 45 46 47 46
camera 87 47 48 50 62 80 70 59 50 43 42 41 42 42 42 41 42 43 45 46 47 46 45 44 50 64 75 80 88 90 92 91 90 93 96 94 94 93 94 93 93 94 96 95 95 96 96 96 100 105 107 117 113 70 62 63 60 58 58 57 58 50 53 57 56 49 45 46 46 46 49 50 51 51 52 79 85 62 44 41 40 41 45 52 49 48 55 46 51 53 48 47 47 46 47 47 47 47 47 43 43 43 45 46 47 45 47 44 47 44 47 55 53 47 48 47 47 47 48 46 46 44 40 40 45 46 46 45
camera 86 46 48 50 62 81 70 58 50 43 42 41 42 41 42 40 42 42 46 46 46 45 45 43 50 64 75 80 87 89 92 91 90 93 95 94 94 93 95 92 93 94 96 95 96 96 96 96 100 105 107 117 114 71 63 63 60 58 58 57 58 50 52 57 55 48 46 46 46 46 49 49 51 50 51 79 85 63 44 40 41 41 44 51 49 47 55 46 51 52 48 47 47 45 47 47 47 47 47 43 43 43 45 46 47 45 47 44 47 44 47 55 54 48 49 48 48 47 48 47 47 45 41 40 45 46 47 46
camera 87 46 48 50 62 81 70 59 50 42 42 41 42 41 41 41 42 42 45 46 47 45 45 43 50 64 75 79 88 90 92 91 90 94 95 94 93 93 94 92 93 93 96 95 96 96 96 96 100 105 106 116 113 70 62 62 61 58 58 57 58 50 52 57 56 49 45 46 47 46 49 50 51 50 52 79 85 63 44 40 41 41 45 51 49 47 54 46 50 52 48 47 47 45 47 47 48 47 47 43 43 43 46 46 47 45 47 44 47 44 47 55 53 48 49 47 48 47 48 46 47 44 40 40 45 46 46 45
camera 85 46 48 49 62 80 70 58 49 42 43 41 42 41 41 41 42 43 46 46 47 45 45 43 50 64 75 80 88 90 92 91 91 93 95 93 94 93 95 93 93 95 96 96 96 97 96 96 101 106 106 117 113 70 62 62 60 58 58 56 58 49 52 56 55 48 46 46 47 46 49 49 51 50 52 78 84 62 44 40 41 41 44 51 49 47 55 46 50 52 48 47 47 45 47 47 48 47 47 43 43 43 46 46 47 45 48 44 47 44 47 55 54 48 48 47 48 47 48 47 47 44 40 41 45 46 46 45
camera 86 47 48 50 62 81 70 59 50 43 43 42 42 41 42 41 42 43 46 47 47 46 45 43 50 64 75 80 88 89 91 91 91 93 95 94 93 94 94 92 93 94 96 95 96 97 96 96 100 105 106 116 112 70 62 63 60 58 58 57 58 49 52 57 55 49 45 46 47 46 49 50 51 51 51 79 85 62 44 41 41 41 45 52 49 47 55 47 51 52 48 47 47 45 47 47 47 47 47 43 43 43 46 46 47 45 47 44 47 44 47 54 53 48 48 47 47 47 48 47 47 44 40 40 45 45 46 45
camera 84 46 48 50 62 81 70 59 50 42 42 41 42 41 42 41 41 43 45 46 47 46 45 43 50 64 75 79 87 89 91 90 90 93 95 95 94 94 95 93 93 94 96 95 96 97 97 96 100 105 106 117 113 70 63 63 60 59 59 57 58 49 52 57 55 49 46 46 47 46 49 50 50 50 51 78 85 62 44 40 41 41 44 51 49 47 54 46 50 52 48 47 47 45 47 47 47 47 47 43 43 43 46 46 47 45 47 45 47 44 47 56 54 48 49 48 48 47 48 46 47 44 41 40 45 46 46 46
camera 86 47 48 50 62 80 70 58 50 43 43 42 42 41 42 40 42 43 45 46 47 46 45 43 50 64 75 80 88 90 92 90 91 93 95 94 93 93 95 92 93 95 96 95 96 97 96 96 100 105 106 117 113 71 63 62 60 59 58 56 57 50 52 57 55 49 46 46 47 46 49 50 50 50 52 79 85 62 44 41 41 41 44 51 50 47 55 46 50 53 48 47 47 45 47 47 47 47 47 43 43 43 46 47 47 45 48 44 47 44 47 55 54 48 48 47 48 47 48 47 47 44 40 40 45 46 46 45
camera 84 47 47 50 62 80 70 59 50 43 42 41 43 41 42 41 42 43 45 46 47 46 45 44 50 64 75 80 88 90 92 91 91 93 96 95 94 93 95 93 93 94 96 95 95 97 96 96 101 105 106 117 114 70 63 62 60 58 58 56 58 49 51 57 55 49 46 46 46 46 49 50 51 50 51 79 85 62 44 40 41 41 45 52 49 47 54 46 50 52 48 47 46 45 47 47 47 46 47 43 43 43 46 46 47 45 47 44 47 44 47 55 54 48 48 47 48 47 48 46 47 44 40 40 46 46 46 45
camera 86 47 48 50 62 81 70 59 50 43 43 41 42 41 42 41 42 43 46 46 47 46 45 43 50 64 75 80 88 89 92 91 90 93 96 94 93 93 95 93 93 94 96 95 95 97 96 96 100 105 106 116 113 70 62 62 60 59 58 57 58 50 52 57 55 49 46 46 47 46 49 50 51 50 52 79 86 63 44 41 40 41 45 52 49 47 55 47 50 52 48 47 47 46 47 47 48 47 47 43 43 43 46 45 47 44 47 44 47 44 47 55 53 48 48 47 48 47 48 46 46 44 40 40 45 46 46 45
camera 86 46 47 49 62 81 70 58 50 43 42 41 42 41 42 41 42 42 45 46 46 45 45 43 50 64 75 79 87 89 92 90 91 93 96 95 94 93 95 93 93 94 97 95 96 97 96 96 100 106 106 117 114 71 63 63 60 58 59 57 58 50 52 56 55 49 46 46 47 46 49 50 50 50 52 79 85 62 44 40 40 41 44 52 49 47 54 46 50 52 48 47 47 45 47 46 47 47 48 43 43 43 45 46 46 45 47 44 47 44 47 55 54 48 49 48 48 47 48 46 47 44 40 41 45 46 47 46
camera 85 46 48 50 62 81 70 59 50 43 42 41 43 41 42 41 42 43 45 47 47 45 45 43 50 63 75 80 88 89 92 90 91 93 96 94 93 93 95 92 93 94 96 95 95 96 96 96 100 105 106 116 113 70 62 63 60 59 58 56 57 49 52 56 55 48 45 46 46 46 49 49 51 50 51 79 85 62 44 41 41 41 44 52 49 47 55 47 51 52 48 47 47 45 47 47 47 47 47 43 43 43 46 46 47 45 48 45 48 44 47 54 54 48 49 47 48 47 48 46 47 44 40 40 45 46 46 45
camera 84 46 47 49 61 80 70 59 50 43 42 41 42 41 42 40 42 43 45 46 47 46 45 43 50 64 76 80 87 90 92 90 91 93 96 94 93 93 95 93 93 94 96 95 96 97 96 96 100 105 106 117 113 70 63 63 60 58 58 56 58 50 52 56 55 49 45 46 47 45 49 50 51 50 51 78 85 63 44 40 40 41 44 52 49 47 55 46 50 52 48 46 47 45 47 47 47 47 47 43 43 43 46 46 47 45 47 44 47 44 47 55 54 48 48 47 47 47 48 47 47 44 40 40 45 46 46 45
camera 86 47 48 51 62 81 70 59 50 43 43 41 43 41 42 41 42 43 46 47 47 46 46 43 50 64 75 80 88 90 92 91 91 93 95 93 93 93 95 92 93 94 96 95 95 96 96 96 100 105 106 116 113 71 62 63 59 58 58 57 58 50 52 56 55 49 46 46 47 46 49 50 51 50 52 79 85 63 45 41 41 41 45 52 49 47 55 46 51 52 48 47 47 45 47 47 48 47 47 43 43 43 46 46 47 45 47 44 47 43 47 55 54 48 48 48 48 47 48 46 47 44 40 40 45 46 46 45
camera 86 46 47 50 62 80 70 58 49 42 42 41 42 41 42 40 41 42 45 46 47 45 45 43 50 64 75 80 88 90 92 90 91 93 95 94 94 94 95 93 93 94 96 95 95 96 96 96 101 105 106 117 113 70 63 64 60 58 58 57 58 50 52 57 55 49 46 46 47 46 49 50 51 50 51 79 85 62 44 40 40 41 44 51 49 47 54 46 50 52 48 46 46 45 46 47 47 47 47 43 43 43 45 46 47 45 47 44 47 44 47 55 54 48 48 47 48 47 48 47 47 44 40 41 46 47 47 46
camera 86 47 48 50 61 81 70 59 50 43 43 41 42 41 41 41 42 43 46 46 47 46 45 43 50 64 76 80 88 90 92 91 91 93 95 94 93 94 95 93 93 94 96 95 96 97 96 96 101 106 106 116 113 70 62 62 60 58 59 56 57 49 52 57 55 48 45 46 46 46 49 49 51 50 52 78 85 63 44 41 41 41 45 51 49 47 55 46 51 53 48 47 47 45 46 47 48 47 47 43 44 43 46 46 47 45 48 44 47 44 47 55 54 49 49 47 48 47 48 46 47 44 40 40 45 45 46 45
camera 86 47 48 50 62 81 70 58 50 43 43 41 42 42 42 41 42 42 45 46 46 46 46 43 50 64 75 79 88 90 93 91 91 93 96 94 93 93 95 92 92 94 96 95 95 96 96 96 101 105 106 116 113 70 63 63 60 58 58 57 58 49 53 56 55 49 45 46 47 46 49 50 51 50 52 79 85 62 44 41 41 41 44 52 49 48 54 46 50 52 48 47 46 45 47 47 47 47 47 43 43 43 45 46 47 45 48 44 47 44 47 55 53 48 49 47 48 47 48 46 47 44 40 40 45 46 46 45
camera 87 46 48 50 62 81 70 59 50 43 43 41 42 42 42 41 42 43 45 47 47 46 46 44 50 64 75 80 88 90 92 91 90 92 95 94 93 93 93 92 93 94 96 95 95 96 95 96 100 105 107 116 113 70 62 63 60 58 58 56 58 49 52 57 55 49 46 46 46 45 49 50 51 50 52 79 85 62 44 41 41 41 44 51 49 47 55 46 50 52 48 47 47 45 46 47 47 47 47 43 43 43 45 46 47 45 48 44 47 44 47 55 54 48 48 47 48 47 48 47 47 44 40 41 46 46 46 45
camera 87 47 48 50 62 81 70 59 50 42 42 41 42 41 42 40 42 43 45 46 47 45 45 43 50 64 75 80 88 90 91 90 91 93 96 94 94 94 94 93 93 94 96 95 96 97 97 96 101 105 107 117 114 70 63 63 60 59 58 56 58 50 52 57 55 49 46 46 47 46 49 50 51 50 52 79 85 63 44 41 40 41 44 51 49 47 54 46 50 52 48 47 47 45 46 47 47 47 48 43 43 43 45 46 47 45 47 44 47 44 47 55 53 48 48 47 48 47 48 47 47 45 41 40 46 46 46 45
camera 87 47 47 50 62 80 70 58 49 43 42 41 42 41 42 41 42 43 46 46 47 46 46 43 50 64 75 80 88 90 92 91 91 93 95 95 93 94 95 93 93 94 96 95 96 97 96 96 101 105 106 117 113 71 62 62 60 58 58 57 57 49 52 57 55 48 45 46 47 46 49 50 50 50 51 78 85 62 44 40 40 41 44 51 49 47 55 46 50 52 49 47 47 45 47 47 47 47 48 43 43 43 46 46 47 45 48 45 47 44 47 55 54 48 49 48 48 47 48 46 47 44 40 40 46 46 46 45
camera 84 47 48 50 62 81 70 59 50 43 43 41 42 41 42 41 42 43 45 46 47 46 45 43 50 64 76 80 88 90 92 91 91 93 95 94 93 93 94 92 93 94 96 95 95 96 96 96 100 105 106 116 113 70 62 63 60 58 58 57 58 50 52 57 56 49 46 46 47 46 49 50 51 50 52 79 86 63 44 41 41 41 45 52 50 47 55 47 50 52 48 47 47 45 47 47 47 47 47 43 43 43 46 46 47 45 48 44 47 44 47 54 54 48 48 47 48 47 48 46 47 45 40 40 45 46 46 45
camera 85 47 48 50 63 81 70 58 49 43 43 41 42 42 42 41 42 43 46 46 47 46 45 43 51 64 76 80 88 90 92 91 91 93 95 95 93 93 94 93 93 94 96 95 95 96 96 96 100 105 107 116 114 70 63 63 60 58 58 57 57 50 52 57 55 49 46 46 47 46 49 50 51 50 52 78 85 62 44 41 41 41 44 51 49 47 54 46 51 52 48 47 47 45 46 46 47 47 47 43 44 43 45 46 47 45 48 44 47 44 47 55 54 48 48 47 48 47 48 46 46 44 41 40 45 46 46 45
